!       V_TR (m/s)    T_LPT_exit (K)       n_LPS (rps)     m_core (kg/s)         Cax (m/s)    g46_lpc (kg/s)       t46_lpc (K)      p46_lpc (Pa)        
164.05978592947108  664.186416637 48.3684075297846 20.145541708 80.81600618420863  
163.6287414603784  664.052617523 48.24132620740925 20.039377136 80.60277045964465  
163.17754584314707  663.908331397 48.10830388651411 19.92845399 80.37937257853703  
162.7150936500911  663.76733507 47.97196288125161 19.815101435 80.15043875252513  
162.25603329813922  663.641351483 47.83662186481557 19.702766076 79.92291261462005  
161.81014456916947  663.535133316 47.70516413046854 19.593777381 79.70154438828496  
161.4306817281244  663.483259031 47.59329019844983 19.500618258 79.5118399971846  
161.09118902705168  663.463795262 47.49320033653857 19.417040781 79.34126167588326  
160.7849664593491  663.471317492 47.40291923647775 19.341421143 79.18660881942216  
160.40674701403572  663.44423613 47.29141188467326 19.249020666 78.99722505165258  
160.04990884375127  663.437147088 47.18620819965857 19.161804915 78.8180507450774  
159.57161646950635  663.374169938 47.04519716307333 19.046304832 78.58013985845712  
159.27134643971064  663.415637389 46.95667100117536 18.972616928 78.42797951112641  
158.9224959035709  663.438836381 46.85382224513563 18.887707821 78.25228078578732  
158.53001511472303  663.45105666 46.73811033782662 18.792734378 78.05528750036343  
158.16895558546057  663.486528516 46.63166210400175 18.705249341 77.87338609961203  
157.6476588219001  663.466010407 46.47797243434261 18.58057478 77.61342113634156  
157.2369072294877  663.505933745 46.3568738951561 18.481806316 77.40685544631421  
156.90715808659036  663.585307264 46.25965664696883 18.402025745 77.23959879185325  
156.51069229263155  663.651966053 46.14276987313101 18.306843434 77.03957743767121  
156.22691284892326  663.763113969 46.05910549612299 18.237957059 76.89449238515492  
153.69348672801607  663.539336404 45.31219615226148 17.645727356 75.63566485047157  
153.2406518402281  663.726162794 45.17869053860886 17.537771962 75.40393719478202  
156.36602080150672  664.397164304 46.10011755829942 18.261353202 76.94381104275529  
161.85096259043658  667.02712195 47.7171981744972 19.534469786 79.58089407472873  
89.22007563937476  518.061753354 26.30402663221004 5.582162102 42.53927374473639  
89.13028672232905  518.063859419 26.27755489870923 5.573703253 42.507030429959535  
94.31832458990806  562.104614747 27.80710175528561 6.873184519 47.203187606701256  
102.28334385051598  612.69218002 30.15536336855681 8.115996807 51.294124008841266  
104.63747051855682  622.540746495 30.84941131828097 8.479107336 52.4291402211434  
100.24146506545559  602.315179702 29.55337291341456 7.816776351 50.33957478731777  
100.2285843647427  602.300195102 29.54957540156349 7.821301549 50.35414281435915  
100.26899535786954  602.633905485 29.56148944480797 7.833698497 50.394035908716866  
100.22188856111033  602.401205737 29.54760133243379 7.833177026 50.39235550169458  
100.22199675014014  602.471180912 29.54763322892234 7.839626745 50.413097363442695  
100.24899687629099  602.723617621 29.55559345572394 7.850074274 50.4466796642572  
100.2243308095182  602.637617054 29.54832136059676 7.852865897 50.455647128119175  
100.30284839822151  603.221058137 29.57147006036582 7.870968595 50.51377486990747  
100.26274778599081  603.027925817 29.55964752418744 7.871472326 50.51538857928877  
100.19782733586061  602.677802041 29.54050755779577 7.868268318 50.50510236528812  
100.19867277400374  602.758883456 29.54075681142253 7.874852822 50.52623044604694  
100.2057469619286  602.874543335 29.54284243650459 7.882364106 50.55032190944592  
100.38439493107177  604.120329059 29.59551175901364 7.915481015 50.65641336914137  
100.3194720752328  603.771451418 29.57637108336649 7.912300007 50.646229389064715  
100.44451049743367  604.658290484 29.61323514074429 7.937435839 50.72662046376036  
100.37798473749181  604.293250813 29.59362189396436 7.934019549 50.71569843762931  
100.21342179542725  603.290032459 29.54510514501834 7.915870853 50.65764944683023  
100.17666372599221  603.11747555 29.53426806344854 7.916819741 50.66068309484761  
100.17230112757088  603.164253365 29.53298187416616 7.922645675 50.67931983304261  
100.38817056697305  604.656796688 29.59662489892738 7.961599188 50.80376976102623  
100.26471361981349  603.916739922 29.56022709492705 7.949551761 50.76530904890931  
100.22526125717218  603.732997829 29.54859567688370 7.950107672 50.76708142436273  
100.17220780338755  603.452889332 29.53295436015896 7.948581396 50.76220444973911  
100.23289081513796  603.921647513 29.55084503718166 7.964261029 50.8122514122824  
100.32164903340282  604.580633194 29.57701289817410 7.984200104 50.87582359303921  
100.31812458111239  604.633196734 29.57597381267404 7.990199398 50.89493374120812  
100.30932694388521  604.644772352 29.57338007710202 7.995394815 50.91147698666796  
100.20585192852552  604.039456829 29.54287338294956 7.986220601 50.88225284978315  
100.1472562973958  603.72838562 29.52559811131678 7.983817411 50.87459270680995  
100.14506896285154  603.783011982 29.52495323732745 7.989992709 50.89426389601216  
100.1894291141563  604.144989634 29.53803157864209 8.003280202 50.93656828289621  
100.15496990539718  603.99294801 29.52787225140067 8.004543837 50.940587018030946  
100.1338407383516  603.92235435 29.52164291154973 8.007828587 50.951036505650976  
100.12133558328847  603.91506355 29.51795611875716 8.012439625 50.965702803344094  
100.10912385449107  603.909650967 29.51435583443539 8.017094423 50.980504031679516  
100.11168127035633  603.995579961 29.51510981647975 8.024011583 51.00249246217924  
100.11447452524833  604.08307454 29.51593332901931 8.030969419 51.024600650053124  
100.15978972655765  604.458438738 29.52929323993109 8.044490759 51.06753945231273  
100.09981546282401  604.130873695 29.51161151730094 8.04180286 51.05900310031142  
100.0982431144989  604.198532936 29.51114795467871 8.048206783 51.079328914532084  
100.09457673241097  604.246415553 29.51006702517497 8.054300488 51.09866241243566  
100.11564515765005  604.458920886 29.51627845701490 8.064016309 51.12947443063866  
100.13241696126512  604.643910064 29.52122315097306 8.073113182 51.15830656587369  
100.09746682878227  604.491887941 29.5109190886974 8.074648023 51.16316717306847  
100.12646127581124  604.748736509 29.51946728484462 8.085536762 51.19765442398624  
100.07864208736932  604.520702059 29.50536914384561 8.085189168 51.196550953445936  
100.14041649758383  604.987309627 29.52358158896883 8.10090022 51.24627306042856  
100.13833510549306  605.051963216 29.52296794912829 8.107265988 51.26640395946726  
100.17229895822065  605.346838333 29.53298123459434 8.118926879 51.303261848367214  
100.23281153673686  605.809538542 29.55082166417778 8.134674885 51.352997303666385  
100.08583211438429  604.937190676 29.50748892082106 8.11955379 51.305237048723086  
100.08355773904977  605.000682411 29.50681838530602 8.125897886 51.32527636573538  
100.05665270158072  604.899824911 29.49888619272430 8.128597625 51.33380008203915  
100.15904571431359  605.633289505 29.52907388887426 8.15040619 51.40262340997914  
100.18820798527202  605.891192198 29.53767156318073 8.161404389 51.43729508063508  
100.10257046039389  605.421967325 29.51242375074650 8.155451957 51.41852863950735  
100.09542411290651  605.454411315 29.51031685144963 8.161095276 51.436315193366944  
100.04146519994879  605.180129073 29.49440858558779 8.159780608 51.43216865900526  
100.11192627822255  605.703536057 29.51518205014905 8.176940965 51.486226786750905  
100.15142865526859  606.034551862 29.52682821353109 8.189523149 51.52582611846213  
100.2212934851736  606.552470278 29.54742589105274 8.206610727 51.579557357487595  
100.32303054677277  607.278318003 29.57742019848422 8.228434723 51.648101659028384  
100.04961223102171  605.604219354 29.49681050825799 8.194515099 51.54152117969856  
100.07353165518406  605.836104214 29.50386247683888 8.204811047 51.573892144824185  
100.06246485421129  605.836931677 29.50059974224205 8.209877035 51.58981091780441  
100.23861599484361  607.035616157 29.55253294518188 8.242904167 51.69348723451069  
100.26362540867952  607.273495759 29.55990626652106 8.253395292 51.72637480199285  
100.11760822771585  606.419354961 29.51685721293863 8.238341546 51.679170923028  
100.03006141721247  605.929503902 29.49104650140825 8.231946563 51.65910352825397  
100.00778298130157  605.864781492 29.48447833199879 8.235339793 51.66974808350843  
100.12289476574045  606.675764515 29.51841579979248 8.259387293 51.74513934205962  
100.07089543597496  606.414286185 29.50308526184789 8.258321015 51.74179578103685  
100.0038963528305  606.062215725 29.48333246905169 8.254979471 51.731322399085954  
100.00924781690998  606.168622886 29.48491019752434 8.262533782 51.75498758097503  
100.00090013381154  606.193563239 29.48244911825530 8.268033199 51.772207927109534  
100.07296291801417  606.728986776 29.50369480070146 8.285687404 51.82745609007786  
100.00170551971169  606.349480934 29.48268656360619 8.281677441 51.81490876753736  
99.98808141052216  606.340480826 29.47866987870211 8.286383316 51.829627197012755  
100.00263482535605  606.506294201 29.48296054320376 8.295357153 51.857685324921015  
100.05836840487518  606.937014598 29.499392019522 8.31059259 51.90528860463089  
100.1076876767715  607.332604034 29.51393241788128 8.324874529 51.949872936485626  
99.99069168879561  606.658132453 29.47943944573879 8.314619477 51.91785810290452  
99.974855041284  606.634901758 29.4747704562213 8.318995656 51.9315181516024  
99.97095263529484  606.681859167 29.47361994171732 8.325181243 51.950821170254734  
100.04377954093951  607.230079136 29.49509090385103 8.343104331 52.006717776932476  
99.98485988798319  606.922704525 29.47772010350797 8.340896357 51.999831817987776  
99.96593072757625  606.872745012 29.47213937365652 8.344791473 52.01197089244839  
99.97591736764674  607.016227341 29.47508365323147 8.353132234 52.03795856236645  
99.96119610314135  606.993411861 29.47074350298126 8.357673766 52.052102022989224  
99.98398801044532  607.219625049 29.47746305497028 8.367992871 52.08422768815932  
99.95340238831383  607.094388423 29.46844574565571 8.370098459 52.090778126682316  
100.0111076029709  607.545986218 29.48545850306798 8.385805312 52.13963437478797  
100.0216272900706  607.686158973 29.4885599365475 8.394248418 52.1658764379392  
100.10580464098614  608.3003291 29.51337725781116 8.414033844 52.227323828184986  
100.00669765093365  607.74147115 29.48415835290555 8.405620317 52.20119882799904  
99.93859475699108  607.373892294 29.46408013258172 8.401926086 52.18972205158058  
100.00665617585902  607.892872282 29.48414612514784 8.419300735 52.243661239743105  
100.04553631211667  608.222857269 29.49560883835735 8.432170762 52.283579334057855  
100.10493130785402  608.677646852 29.51311978013250 8.44820813 52.333279387769664  
100.21030429171087  609.426351648 29.54418603684460 8.471348796 52.40491088540062  
99.9486385045629  607.821562033 29.46704124869514 8.437710098 52.300743609563156  
99.93323395089853  607.794318772 29.46249964987961 8.442161988 52.31453821982031  
99.95764917104691  608.031727541 29.46969778994408 8.452831411 52.34758770681035  
100.02633810547718  608.548038735 29.48994878780128 8.470389636 52.40193225894238  
100.04743161748485  608.76357607 29.49616761576841 8.480562048 52.433390024691235  
99.96505194649664  608.304147312 29.47188028980397 8.474592015 52.41492571659808  
99.96212797830736  608.357802268 29.47101824012993 8.481007487 52.4347614858352  
99.96324453842594  608.444564725 29.47134742643564 8.488072667 52.45659772957184  
99.91288881791755  608.190952191 29.45650146039219 8.487058672 52.453461088104696  
99.96265911106636  608.592976895 29.47117482966583 8.501760129 52.498875284303004  
99.90833488140154  608.313581965 29.45515886046118 8.50011439 52.49379021899041  
99.97190209226052  608.805095855 29.47389986236447 8.5170077 52.54593225454103  
100.0355462085744  609.289224673 29.49266353767529 8.533904809 52.59803426708297  
99.96810184230775  608.925905978 29.47277946569085 8.530209467 52.58664064833223  
99.955438329358  608.923606895 29.46904598553517 8.535133775 52.601816285759966  
99.9453473639009  608.930948606 29.46607094855805 8.540448697 52.618190969154625  
99.89604292408848  608.690799516 29.451534923021 8.539578445 52.615506892789995  
99.88511411906453  608.692506645 29.44831287264334 8.544753297 52.63144587752769  
99.89233733456389  608.819230952 29.45044243430874 8.552822578 52.6562919725645  
99.8936830384438  608.900722667 29.45083917719920 8.559949611 52.678226662838505  
99.96402571980673  609.430004669 29.47157773576566 8.578031052 52.73383892071582  
99.89607607981027  609.068903945 29.45154469805182 8.574185431 52.72201261742077  
99.9057050508938  609.204282692 29.45438352899885 8.582644032 52.74801252687741  
100.05384630421742  610.243976478 29.49805880549720 8.613138335 52.8416467237073  
99.9264487779932  609.491808867 29.46049923273664 8.599834059 52.80081164459992  
99.86017116176362  609.140832471 29.44095914414191 8.596211768 52.789686182993286  
99.91105871708608  609.544714196 29.45596190670244 8.611282785 52.83594520363407  
100.07530093698293  610.681737273 29.50438409974969 8.644432744 52.93755699140619  
100.26276469849797  611.960993667 29.55965251036388 8.681203227 53.050039173957785  
100.06940744658964  610.796842998 29.50264657008329 8.657471528 52.97746573064133  
99.97757604066595  610.275510893 29.47557266625863 8.649777077 52.95391219083722  
175.75018910884322  697.190616986 51.81499367497466 25.419309629 90.78056606327551  
175.7783505300631  697.222074382 51.82329627692226 25.426820637 90.79397823151575  
175.98587589493  697.454497769 51.88447928629765 25.482188316 90.89278549945828  
175.97347675486608  697.440580952 51.88082374904194 25.478879336 90.88688342472071  
175.84326270764416  697.294659196 51.84243380438579 25.444135761 90.8248897585858  
175.7505970683766  697.191072551 51.81511395035387 25.419418433 90.78076036435421  
175.7357586495979  697.174505284 51.81073926046554 25.415461069 90.77369304279213  
175.8497401393804  697.301908027 51.84434349271185 25.445863767 90.82797407393052  
175.8576666455883  697.310779927 51.84668039983615 25.447978389 90.83174831688882  
175.8842812264847  697.340580269 51.85452695947743 25.455078928 90.84442043481668  
175.7924290514312  697.237808058 51.82744693245976 25.430575776 90.80068292087007  
175.7593452341217  697.200842557 51.81769310065264 25.42175162 90.78492686461387  
175.84785280701792  697.299795825 51.84378706591697 25.445360274 90.82707540093664  
175.80889241884276  697.256213237 51.83230069268968 25.434967206 90.80852306282549  
175.81274365437645  697.260519688 51.83343612102595 25.435994511 90.81035704140726  
175.74716715014443  697.187242519 51.81410273555856 25.418503669 90.77912676757852  
175.72737165609468  697.165143544 51.80826659163074 25.413224353 90.76969832546085  
175.8134232717873  697.261279677 51.83363648707974 25.436175798 90.81068067691746  
175.79078260353137  697.23596779 51.82696152366476 25.430136614 90.79989883770556  
175.7885017131256  697.233418501 51.82628906736444 25.429528229 90.79881260864738  
175.74248298006881  697.182012397 51.81272173993021 25.417254409 90.77689577591181  
175.7287317427433  697.166661584 51.80866757487549 25.413587069 90.77034613959229  
175.7300313707475  697.168112184 51.80905073359162 25.413933663 90.77096515373668  
175.72481767561908  697.162293085 51.80751362241425 25.412543246 90.76848184934177  
175.72208229346842  697.159240351 51.80670717202263 25.411813767 90.76717896364443  
175.72859573595056  697.166509779 51.80862747710297 25.413550798 90.77028135856756  
175.7494185167934  697.189756482 51.81476648761065 25.41910411 90.78019904698824  
175.71992115259965  697.156828611 51.80607002050084 25.411237432 90.76614958687662  
175.8051921111126  697.252075898 51.83120976116576 25.43398017 90.80676094056213  
176.01629575483378  697.488657227 51.89344772528768 25.490306998 90.9072647981982  
176.38460922620675  697.904062043 52.00203457965391 25.588659935 91.08248998963361  
177.0500228082259  698.774008161 52.19821303453005 25.772180427 91.4085533364087  
177.44566992170127  699.397627956 52.31485844348351 25.886662449 91.61136911411506  
177.73241521586544  699.853554852 52.39939721797237 25.969520179 91.75787998667734  
178.1007260662327  700.439302012 52.50798329960887 26.076005933 91.94582774859339  
178.681631690233  701.363236509 52.6792469630277 26.244106655 92.24174694894191  
179.42377224136214  702.54391561 52.89804620391435 26.459140611 92.61890806342868  
180.4979489243129  704.25384367 53.21473694726501 26.770954107 93.16310515996155  
180.50142034102157  704.259372178 53.21576039671741 26.771962929 93.16486066401993  
180.4958917601434  704.250567478 53.21413045034474 26.770356282 93.16206483640754  
181.92320745701883  706.525498698 53.6349342866353 27.185787407 93.88221065944575  
183.22147394243922  708.598748824 54.01769159729076 27.564829296 94.53449143320262  
184.15431803573506  710.091451815 54.29271440687606 27.837912095 95.0016559231673  
185.88066584504455  712.862074191 54.80167943999348 28.344993085 95.86308603055977  
188.44220070963786  716.527395362 55.55687585531530 29.12404679 97.1716576355204  
190.06452905752394  718.457199397 56.03517367969141 29.641015535 98.0303569353153  
191.26927129029977  719.938896113 56.39035799834153 30.025563653 98.66425672672722  
190.73741026148144  719.279779586 56.23355375258838 29.855720606 98.3847861287873  
191.68191164492688  720.455611434 56.51201338587458 30.157423026 98.88068211001651  
192.0089617112826  720.868426067 56.60843488735659 30.261989369 99.05197442322005  
190.20258109818803  718.62492431 56.07587443597565 29.685050765 98.10315341448855  
187.96913417373432  715.979334796 55.41740550999178 28.973458171 96.92009552903293  
186.76628991179584  714.28823 55.06278075459124 28.606031512 96.30353519692945  
186.2657065301735  713.48168532 54.91519784225369 28.458406667 96.05469639115702  
185.82000149157827  712.764511455 54.78379426384039 28.327135155 95.83288045537176  
185.64553242580152  712.484010877 54.73235697330011 28.275792368 95.74598426168374  
185.8000677418193  712.732456673 54.77791735911035 28.321267837 95.82295417326326  
186.9414728763336  714.570764287 55.11442851807595 28.657742213 96.3905477088965  
187.26486583474912  715.092722816 55.2097718242755 28.753268305 96.55108128830389  
187.19414747668614  714.978538824 55.18892250801406 28.732371596 96.51598674416711  
187.0925690163527  714.814570554 55.15897495969916 28.702363257 96.46556753894203  
185.60012704785586  712.411031917 54.71897047634672 28.262434379 95.7233633221671  
183.22180367665408  708.599275973 54.01778881013783 27.564925713 94.53465678144137  
180.5125156150086  704.277042418 53.21903152578063 26.775187356 93.1704714366822  
102.7511792569229  627.165159746 30.29329146267050 9.110439585 54.34589422928568  
96.83065641718623  590.737576994 28.54779204074093 8.130496894 51.33959883244301  
90.24670338999114  539.096122527 26.60669891196388 6.563695733 46.12793329088527  
89.18592945123895  531.215223824 26.29395959028392 6.219944189 44.9037284701114  
89.00201833420662  531.15843146 26.23973857684373 6.197148187 44.821366107033235  
88.81868686428034  531.10178049 26.18568845602837 6.17439015 44.73898968566753  
88.6345972029373  531.04418189 26.13141480382644 6.151465462 44.655856429984496  
88.452489878392  530.987929463 26.07772558780154 6.128782885 44.573448573263995  
88.26868354776248  530.919462592 26.02353546768116 6.105262895 44.48783713101718  
88.08514192232485  530.861508531 25.96942338843181 6.082243714 44.40388880144106  
87.90365606630733  530.805060007 25.91591739490016 6.059468582 44.32067401724314  
87.71913529633441  530.735389118 25.86151664245984 6.035649843 44.2334786967889  
87.5376874706412  530.678683658 25.80802186109828 6.01273983 44.14944757110464  
87.35462040870351  530.610030427 25.75404969353194 5.988998231 44.06219721598344  
87.17316986605711  530.567940013 25.70055411115324 5.965737896 43.97654774848926  
86.99010616462309  530.51745488 25.64658293433677 5.941601197 43.88749464292842  
86.80879553921626  530.479079114 25.59312860261572 5.918153804 43.80081140431818  
86.62592541543266  530.429218212 25.53921449671783 5.893879794 43.71089113941174  
86.44483835946973  530.391626608 25.48582607815102 5.870288896 43.623323813718805  
86.26364380015085  530.343771322 25.43240596524728 5.846094931 43.53333501551368  
86.08189392929557  530.296020251 25.37882213437606 5.82172154 43.44249038143941  
85.90102740989859  530.249511947 25.32549873480484 5.797389588 43.35161034505125  
85.72057757657973  530.214611449 25.27229818338878 5.773506609 43.26222159620861  
85.54009655095318  530.16986657 25.21908843579925 5.749030973 43.170422642803395  
85.3605531362827  530.126686966 25.16615511639456 5.724597792 43.07858783253951  
85.18052308978531  530.084165936 25.11307832730052 5.69997996 42.98586059149399  
85.00146400186087  530.043450762 25.06028779799699 5.675404741 42.89309394432629  
84.82194455067088  530.003658361 25.00736154354964 5.65064262 42.79941843287762  
92.85699684188279  598.306096136 27.37627042358160 7.759783803 50.15553879889519  
100.24789441577882  637.157919848 29.55526842629009 8.91552678 53.76143949740969  
107.2675833952161  669.510025351 31.62482602912473 10.258234759 57.66823145087161  
113.55925303686254  675.277575599 33.47974763313532 11.409995787 60.81971039700552  
117.55060062575777  678.108681838 34.65648406296159 12.12589196 62.69879558748543  
117.77074320772151  678.480771913 34.72138690346425 12.173642301 62.82213238430544  
115.22544393110539  677.554662568 33.970977094021 11.729560128 61.66558440121851  
115.08048994939298  677.791518259 33.92824149479534 11.710620814 61.61577890713768  
114.93345227986964  678.038397718 33.8848915789007 11.692307795 61.56758203737525  
115.01754682104696  678.440858211 33.90968448604519 11.715035044 61.62739513740109  
114.71384719362422  678.566607667 33.82014720387330 11.667754301 61.50290334644187  
114.53062752597128  678.785172006 33.7661300448096 11.642859547 61.43725408546929  
114.43025866209717  679.057253034 33.73653911194534 11.632691677 61.41042158547386  
114.50830591367223  679.433863584 33.75954914605805 11.653327006 61.46487065637139  
114.20182673547292  679.564774122 33.66919239161909 11.60628324 61.34067514800299  
114.0559125319501  679.788438296 33.62617369803497 11.586837795 61.28926683646189  
113.99066784235622  680.077531729 33.60693813876887 11.582838796 61.278690646784604  
113.96669169682285  680.378863307 33.59986944748915 11.585200201 61.284939002637785  
113.7813434379153  680.585247555 33.54522473324071 11.559604627 61.21720013054433  
113.60478789482875  680.781161172 33.49317230362628 11.534505064 61.15070119340436  
113.47920451172375  681.010205646 33.45614757987342 11.518526053 61.10832925615135  
113.400926990759  681.283763437 33.43306965731614 11.51205353 61.091158512934356  
113.28045007088782  681.51328496 33.39755043043645 11.4969319 61.05102181711583  
113.13403917508863  681.723806071 33.3543853011228 11.477092961 60.998323549973684  
113.0370614619645  681.965841312 33.32579415355352 11.466148938 60.969234163664304  
112.90575482278481  682.19951841 33.28708208892885 11.449971281 60.92620734990725  
112.79458253156538  682.429751492 33.25430606976452 11.436396612 60.89008041954508  
112.69584472420337  682.665660253 33.22519600797804 11.425050083 60.8598671424459  
112.57266999148973  682.885684517 33.1888814069592 11.409237062 60.817734909883455  
113.74289849624822  683.90209334 33.53389032490001 11.627827563 61.3976096877477  
110.81761711289933  682.36748185 32.67145349257392 11.101796373 59.992682065333895  
109.70678477865039  681.96166363 32.34395586275674 10.90370034 59.45500414958206  
111.28584959932589  683.261107882 32.80949865454859 11.200463343 60.25870134982147  
114.91313419941156  685.650452883 33.87890136508778 11.865090007 62.020886001772155  
120.40169619158559  687.093218782 35.49704929625773 12.864336497 64.57984519074053  
127.26971978601401  679.649733316 37.52189263161537 14.275916958 68.03082225537098  
133.00161122024844  680.545507048 39.21177939598502 15.588728449 71.09023806466385  
137.08771413645295  682.229322501 40.41645176551125 16.537711403 73.22224219034113  
137.45286491750363  682.642374275 40.52410618970556 16.630524112 73.4274364144921  
134.3206787181235  681.669609735 39.60066929935198 15.914440595 71.8291249870539  
134.0568199565887  681.823916162 39.52287797446443 15.860232318 71.70668273039348  
134.6500938442699  682.248389714 39.69778807210701 16.005110199 72.03346513286603  
135.68829326005667  682.819254924 40.00387193144807 16.251977856 72.58690340312725  
136.95971082327148  683.546134479 40.37871359352689 16.555125402 73.26079446211472  
138.5325241592812  684.62892881 40.84241331112314 16.925555316 74.07593515609128  
139.7341356990656  685.728458411 41.19667463311323 17.210325736 74.6965364907267  
140.52906932110662  686.53574768 41.43103842416765 17.400888851 75.10896894946198  
140.62660583030052  686.813469814 41.45979431702095 17.430696458 75.17327748558122  
139.92696690109383  686.486460226 41.25352548240160 17.276277407 74.83953504250988  
137.83794390207802  685.215063934 40.63763588347864 16.804286016 73.81007570090853  
137.5789166181584  685.290911887 40.56126898369892 16.751171403 73.69332934691708  
139.93068895849072  687.098622936 41.25462282620223 17.300463344 74.89190933230878  
144.56466725286975  690.96928761 42.62082082138344 18.384024506 77.20176401699113  
150.34351594612886  696.341501406 44.32455161113762 19.750375311 80.01948182470353  
156.50142122689354  699.866177136 46.14003656049555 21.276021624 83.05279658133418  
162.73451574911982  700.629383721 47.97768894017326 22.980721402 86.31605970141837  
166.66695172124935  702.840088286 49.13705693890096 24.057359641 88.31496894218614  
167.98417588923482  703.858629196 49.52540338836294 24.424189332 88.98578247178763  
165.9625824220616  702.525335028 48.92939348791226 23.889998811 88.00722040431646  
165.87687794218937  702.557298325 48.90412593568364 23.879270141 87.98745488362916  
165.91316567215603  702.669291992 48.91482435090718 23.901522524 88.02844359729373  
165.83055116373967  702.703552988 48.89046778974067 23.891607371 88.01018133898137  
165.77069940861955  702.752639727 48.87282218532505 23.887855343 88.00326924121362  
165.81811624928847  702.871747818 48.88680170541436 23.913133787 88.04982218621603  
166.0084553897599  703.085294864 48.94291784053567 23.977139015 88.16758579470935  
165.81854983851306  703.048733652 48.88692953698624 23.938138489 88.09584612608175  
165.6522034027144  703.029406959 48.83788697514055 23.905467583 88.03570443136891  
165.60943689540588  703.090137072 48.82527847487703 23.90630588 88.03724742010975  
165.73565445657604  703.260165216 48.86249016817229 23.95298697 88.12316381298264  
165.68889875054757  703.303528276 48.84870556501244 23.95066942 88.11889975002939  
165.53941414990896  703.295859391 48.80463424039043 23.922511228 88.06708114265936  
165.52158800931807  703.373162769 48.79937870486782 23.930085647 88.0810222553627  
165.449479228806  703.41568072 48.77811946170519 23.922917625 88.0678279039957  
165.44146291571082  703.499321154 48.77575607754937 23.933152131 88.08666459382562  
165.3801324172709  703.548978112 48.75767450731117 23.928895764 88.07883027179071  
165.36296859545342  703.626577626 48.75261423782628 23.936656283 88.09311198956935  
165.32023353553265  703.688514939 48.7400150089394 23.937426311 88.09452836515887  
165.28902344475793  703.757407559 48.73081359263204 23.941351892 88.10175130680545  
165.253735686961  703.824192263 48.72040999104093 23.944139605 88.10688006883385  
165.29182675775922  703.936368252 48.73164007052187 23.966970617 88.14887737826008  
165.22526930939065  703.969076954 48.71201748130176 23.959141662 88.134477626615  
165.15934943235357  704.016756643 48.69258286203306 23.953571198 88.12423020476578  
165.137070912196  704.091522035 48.68601466778585 23.959914767 88.13589834579686  
165.122959653999  704.171711067 48.6818543607163 23.968468805 88.15163013815715  
165.10111573870577  704.246822456 48.67541429747372 23.97492848 88.16350814905103  
165.22438890188346  704.411618789 48.71175791794283 24.021096601 88.2483592368846  
165.0382747149121  704.385851083 48.65688739137531 23.982575119 88.17756615704303  
164.96671131185684  704.431293083 48.63578893739657 23.97538071 88.16433778381986  
164.93122537326826  704.498434778 48.62532690778033 23.978082756 88.16930539701653  
164.8978477108001  704.569610207 48.61548644400363 23.981296265 88.17521312271556  
164.8683024173052  704.646927984 48.60677584628919 23.985457691 88.18286315210686  
164.83457262740495  704.722094308 48.59683156765597 23.988472303 88.18840441858454  
164.80505238089552  704.78454771 48.58812835433981 23.990564109 88.19224917821636  
164.77226315292293  704.860307179 48.57846137390228 23.993830136 88.19825196966616  
164.74116086036736  704.937238008 48.56929173886396 23.997540173 88.20507040624156  
164.73311228082017  705.024208084 48.56691884185346 24.007684818 88.22371272511613  
164.77148075464666  705.131944833 48.5782307058049 24.030763656 88.26610953014162  
164.88740042430186  705.275063367 48.61240635580246 24.075460768 88.34816263794175  
