!          P3 (Pa)           P4 (Pa)           P7 (Pa)            T3 (K)            T4 (K)            T5 (K)         W3 (kg/s)        
 2035782.563503306  1971134.565123401    88381.226588756      775.339661396     1411.005011041      664.186416637       19.642196243
 2023571.788947307  1959319.206343543    88277.294173949      774.077767805     1409.037104906      664.052617523       19.539125145
 2010814.594879248  1946974.291191028    88169.223932458      772.756551853     1406.960398632      663.908331397       19.431438294
 1997792.801685534  1934373.432001288    88059.498336474      771.403088049      1404.83581226       663.76733507       19.321387267
 1984912.198294008  1921909.963444041    87951.567243583      770.058362965     1402.741487861      663.641351483       19.212311362
 1972442.079024737  1909844.657322361    87847.657068665      768.750443986     1400.725491106      663.535133316       19.106470659
 1961838.181332933   1899588.10579685    87759.827232917       767.62985516     1399.064055128      663.483259031       19.015966921
 1952363.008800917   1890425.39462166     87681.74695231       766.62259627     1397.615183987      663.463795262       18.934747704
 1943824.617683588  1882170.518835084    87611.718789644       765.70975211     1396.343770676      663.471317492       18.861239782
 1933347.387578519  1872037.529080876     87526.01134775      764.592446276     1394.712676505       663.44423613       18.771453957
 1923484.631188914  1862500.072934632    87445.720606106      763.535851533      1393.19773933      663.437147088       18.686690547
 1910359.633454091  1849802.701748898    87339.217734014      762.133286344     1391.076902884      663.374169938       18.574487588
 1902092.069996276  1841811.251761909    87272.665034968      761.237028981     1389.866860302      663.415637389       18.502831475
 1892536.501703508  1832572.289210985    87195.954084588       760.20241794     1388.418009738      663.438836381       18.420286701
 1881833.939743674  1822222.704127247    87110.355852062      759.042765459     1386.760757081       663.45105666       18.327971339
 1872008.115051047  1812722.594061739    87032.175054557      757.972616337      1385.26851959      663.486528516       18.242915023
 1857922.038927976  1799096.754297078    86920.454421812      756.442907501     1382.992917981      663.466010407       18.121764966
 1846836.226509598  1788377.316252504    86833.153815326      755.228590583     1381.279290547      663.505933745       18.025741885
 1837941.402993309  1779779.995309345    86763.534301139      754.246459618     1379.972282623      663.585307264        17.94814024
 1827297.551263996  1769489.329073971    86680.490481999      753.071885704     1378.349705193      663.651966053       17.855583001
 1819671.840172982  1762121.496966894    86621.398561306      752.221516906     1377.283212179      663.763113969       17.788545106
 1752804.465241654  1697404.318317269    86108.126921581      744.913118812     1365.710499139      663.539336404       17.213222858
 1740897.719788469  1685896.321608366    86018.885325731      743.576161851     1363.964000419      663.726162794       17.108170633
 1823072.455747189    1765462.7851932    86649.603589515      752.524114306     1378.881234084      664.397164304       17.810752111
 1970276.385906516  1908066.826793317    87840.549877205      768.034161884     1406.261582486       667.02712195       19.045600847
  423326.642512167   407571.600682249    79130.951650378      502.920513191      808.407891754      518.061753354        5.490232238
  422565.383163469   406841.003274783    79197.063613255      502.558908196      807.978565039      518.063859419        5.481924418
  556522.890623813   536819.050868815     79670.84971208      547.141827629      918.856803501      562.104614747        6.749316595
  699964.496900171    676614.13894777    80266.544015219      587.208037857     1039.892696687       612.69218002         7.95392682
  740786.943616496   716368.760975543    80514.901403631      595.940641476     1066.516340765      622.540746495         8.30605181
  665385.237818062   642901.382176916    80309.122001123      578.902109341     1013.519699092      602.315179702        7.664118624
  665726.568052734   643227.680994491    80397.527205992      578.911864483     1013.383515694      602.300195102        7.668581659
  667005.912144269   644469.655485317     80489.51933576      579.162398996     1014.047906578      602.633905485        7.680656837
  666748.722707693   644211.808196008    80575.846892738      579.019083382     1013.407559445      602.401205737        7.680238299
  667319.109764714   644761.695723805     80665.34636486      579.087462929     1013.466410165      602.471180912        7.686562527
  668368.939620579   645779.732382712    80756.718066205      579.279233608     1013.939921757      602.723617621        7.696751301
   668506.34390454   645907.073277382    80844.760291588      579.237124909     1013.636332287      602.637617054        7.699536685
  670465.427423315   647812.565161021    80939.686943195      579.660229914     1014.874072085      603.221058137         7.71712959
  670326.626486988   647670.130998064    81026.852031734      579.546860637     1014.328827095      603.027925817        7.717704264
  669749.305814495   647099.770044899    81112.466236896       579.32201533     1013.418684146      602.677802041        7.714691811
  670338.344450879   647667.968438105    81202.513936782      579.395298623     1013.498685005      602.758883456        7.721145184
  671034.571454535   648340.661215794    81293.039039553      579.495191139     1013.662376876      602.874543335        7.728496332
  674786.794941901    651996.67574403    81395.061906398      580.373353273     1016.416482841      604.120329059        7.760606496
   674210.80100906   651427.559073249    81480.989296772      580.149820017     1015.509454304      603.771451418         7.75761714
  677009.633309385   654152.787518764    81579.620230079      580.782014656     1017.443329095      604.658290484        7.782010333
  676401.714866552   653552.347926319    81665.580931136       580.55022029     1016.503601169      604.293250813        7.778795391
  674041.330001456   651241.382477158    81745.096652786      579.873762788     1014.093916537      603.290032459        7.761332101
  673955.170622124   651150.327213804    81833.187242952      579.773950447     1013.595583682       603.11747555         7.76233733
  674453.142257562   651629.594289458    81923.534853704      579.823344164     1013.596696838      603.164253365        7.768057487
  678900.351574531   655963.916105381    82028.686481056      580.873219361     1016.917743399      604.656796688        7.805812439
  677263.331952613   654358.926091161     82111.22129508      580.381331655     1015.116608385      603.916739922        7.794251024
  677132.886031628   654224.750933058    82199.467625744      580.271100991     1014.588306494      603.732997829        7.794875074
  676751.333600839   653845.338608081    82286.862579796      580.096548094      1013.84283984      603.452889332        7.793486896
  678419.735652997   655466.929070843    82381.961521035      580.441151252     1014.817485609      603.921647513        7.808737918
  680599.668108187   657587.990682108    82479.053032236       580.91451539     1016.224495277      604.580633194        7.828106045
  681117.621356934   658086.719781348    82570.034039429      580.967954535     1016.238874305      604.633196734        7.833994243
  681536.436041593   658488.536018622     82660.72443877      580.995693202     1016.163418375      604.644772352        7.839106647
  680245.519696371   657221.573837575    82745.138079369      580.593084663     1014.666774148      604.039456829        7.830321658
  679762.286960175    656743.03946077    82832.646792805      580.393910189     1013.845649316       603.72838562        7.828084053
  680297.719281603   657258.687021178    82924.016630258      580.451258333     1013.868958072      603.783011982        7.834144083
  681680.269311664    658601.19411892     83018.60956857      580.722069443      1014.59841211      604.144989634        7.847082286
  681633.608557798   658548.789725579    83107.982900245      580.633157586      1014.14256602       603.99294801        7.848390905
  681824.498715215   658728.121582998    83198.318106624      580.603430153     1013.878110759       603.92235435        7.851655618
  682176.501271123    659064.84586252    83289.333879964      580.614931286      1013.75476065       603.91506355        7.856201495
  682533.648869414   659406.589324784     83380.45021981      580.627693794     1013.635698506      603.909650967        7.860789721
  683156.879594639   660007.906610107    83472.630800221      580.706701046     1013.730864582      603.995579961        7.867567499
  683784.863054993   660613.857567222    83564.909923064      580.786788232     1013.829619587       604.08307454        7.874384665
  685197.687249549   661985.994754931    83660.176815733      581.064421424     1014.585589973      604.458438738        7.887548005
  684676.514064736   661470.308134308     83748.36604662      580.855030543     1013.730513311      604.130873695        7.885036683
  685240.192767107   662013.712685211    83840.653730558      580.915413228     1013.779663175      604.198532936        7.891316697
  685763.370207883   662517.462918679    83932.871413448      580.964137028     1013.787735097      604.246415553        7.897298246
   686723.80928437   663447.925066883     84026.78582273      581.131522902     1014.169087493      604.458920886        7.906781526
  687610.010938029    664305.95831524    84120.507591761      581.278576934      1014.48732543      604.643910064        7.915666206
  687586.513045403   664276.380245381     84210.95203637       581.17943691     1014.036756338      604.491887941        7.917238683
  688684.034371944    665340.41840393    84305.613757377      581.382603317     1014.524121209      604.748736509        7.927858052
  688438.046178366   665093.926346936     84395.40441551      581.224094583     1013.894781653      604.520702059         7.92760838
  690113.349114233   666721.607309328    84492.358665384      581.582466397     1014.863357507      604.987309627        7.942891895
  690671.767154306   667259.845148466    84585.277990117       581.64045647     1014.905443289      605.051963216        7.949135355
  691864.880566549   668417.255235218    84680.620298099      581.868793348     1015.475746136      605.346838333        7.960500104
  693542.441953754   670047.321414299     84777.83461994      582.218178973     1016.435967637      605.809538542        7.975818984
  691523.829094035   668071.201786159    84861.490768962      581.591624563     1014.331827347      604.937190676        7.961283025
   692079.32565205   668606.577546362    84954.727456463      581.648577196     1014.371119567      605.000682411        7.967505671
  692194.745142415   668712.502798704    85046.425369534      581.586732378     1014.037634905      604.899824911        7.970205072
  694603.510696708   671055.782057603    85146.648389209      582.140103906     1015.614274851      605.633289505        7.991384886
  695713.427985608   672131.854355392    85242.171383842      582.344121816     1016.104046266      605.891192198        8.002110524
  694794.518861336   671228.889472699    85330.304932006      582.006226332     1014.920730892      605.421967325         7.99644045
  695265.604690697   671681.900671866    85423.641196809      582.040033628     1014.888657529      605.454411315        8.001985518
  694899.549336739   671318.130681942    85513.981965255      581.849273334     1014.157010489      605.180129073        8.000802324
     696747.272306   673113.909657594       85612.540815      582.250313282     1015.256012855      605.703536057        8.017488432
  698049.819515471   674378.006217906    85709.182177121      582.505560793     1015.909155888      606.034551862        8.029744829
  699889.358865753   676165.800298571    85807.883396545      582.902482423     1016.995737639      606.552470278        8.046360184
  702300.810543711   678511.653966882    85908.785128164      583.450516256     1018.555472359      607.278318003        8.067554394
  698024.370929778    674333.24026489    85985.136485117      582.220932611     1014.610201876      605.604219354        8.034837326
  699052.383956651    675329.50366291    86081.094887851      582.402613694     1015.035710245      605.836104214        8.044882786
  699450.273415337   675710.941320977    86174.821390101      582.415708866     1014.935248924      605.836931677        8.049871341
  703199.978243704   679362.043410444    86280.948766096      583.318506543     1017.584627208      607.035616157        8.081903677
  704251.551744844   680381.274077115    86377.244979675      583.504706197     1018.024043737      607.273495759        8.092137794
  702239.961111954    678412.40330206    86462.357305343      582.879705206     1015.956219895      606.419354961         8.07766574
  701264.087392299   677453.758273383    86551.377310951      582.527823736     1014.729211514      605.929503902        8.071569135
  701464.568126835   677642.763864484    86644.798920175      582.488809898     1014.473700824      605.864781492        8.074938278
  704136.432551424   680242.360928011    86747.357381112      583.104389738     1016.233067728      606.675764515        8.098286595
  703798.721077766   679906.216508541    86838.966560175      582.922159013     1015.530207167      606.414286185        8.097344234
  703192.000688466   679307.823966071     86929.68191913      582.669149706     1014.614888446      606.062215725        8.094199342
  703887.217387485   679979.260256605    87025.245245605      582.760488641     1014.756600267      606.168622886        8.101595081
    704339.5990726   680413.968251448    87120.005541965      582.788000265     1014.706790652      606.193563239        8.107001628
  706244.739818977   682265.607105009    87220.161921599      583.198874521     1015.833546785      606.728986776        8.124166574
  705557.585777576   681588.755584948       87310.919528      582.925055674     1014.855021646      606.349480934         8.12037527
  705914.669149648   681930.496947461    87405.582089051      582.927152203     1014.727192107      606.340480826        8.125014357
  706779.472932792   682767.330567104    87502.181115829      583.062687795     1015.005227765      606.506294201        8.133783394
   708394.43320462   684335.883707132    87601.605747245      583.395716918     1015.891591691      606.937014598         8.14860903
    709898.7530628   685796.660711688    87700.713868412      583.699412414      1016.69286955      607.332604034         8.16251065
  708434.786353714    684361.13551429    87799.465221336      583.210699924     1015.031216482      606.658132453        8.152691061
  708751.953019299   684663.925757308    87894.410398335      583.201966112     1014.870561726      606.634901758         8.15701143
   709282.30765687   685174.508896439    87990.215530704      583.248734688     1014.875562636      606.681859167        8.163083686
  711222.126733466   687060.041839629    88091.249654678      583.666495511     1016.027297595      607.230079136         8.18050774
  710746.737584823   686589.603458059    88183.551299576      583.448737097     1015.218455651      606.922704525        8.178461243
    711002.4751043   686832.312818863    88278.606900318      583.423046561     1015.000802623      606.872745012        8.182318081
  711794.082198694   687597.855237147    88375.701692432      583.538637317     1015.222910226      607.016227341        8.190473548
   712127.07362076   687915.911740679    88471.207490606      583.533136437     1015.067547971      606.993411861        8.194955735
  713155.471031065   688912.407449476     88569.33265356      583.710528909     1015.479650898      607.219625049        8.205024932
  713196.519876437   688945.700573266    88663.943790848      583.628391159     1015.088973999      607.094388423        8.207150917
  714870.130176461   690571.515987131    88764.586799536      583.974283628     1016.018792423      607.545986218        8.222431729
  715670.123338333   691345.061233907    88862.130087469      584.090549946     1016.237757593      607.686158973         8.23068805
  717829.296325675   693444.332255122    88964.715068774      584.561126661     1017.545656079        608.3003291        8.249915362
  716612.702196418   692251.066265126    89055.076139312      584.151567955     1016.154148662       607.74147115        8.241865276
  715958.585157955   691606.301773551    89147.581240228      583.887842237     1015.206570793      607.373892294        8.238381288
  717831.501299551   693426.475504861     89249.36622003      584.284334777     1016.291197031      607.892872282        8.255275663
  719164.983553995   694720.499575975    89349.275327629      584.539380753     1016.941664178      608.222857269        8.267812617
  720874.642277797   696381.280731421    89450.639742237      584.891001161     1017.883460993      608.677646852        8.283414817
  723436.363610983   698873.154309103    89555.204723622      585.462388158     1019.500728162      609.426351648        8.305887245
  719195.811626909    694730.40832742    89635.059836053      584.269343682     1015.705439045      607.821562033        8.273438135
  719516.924304525   695036.836645215    89731.623289654       584.26001053     1015.539570997      607.794318772        8.277834121
  720586.129931708      696073.064174    89830.989849689      584.445762832     1015.977225277      608.031727541        8.288242826
  722477.053302877   697910.592869975    89933.426209532      584.843762626     1017.060354364      608.548038735        8.305316755
  723486.763093314   698888.780964855     90032.74763461      585.013145661     1017.447787991       608.76357607        8.315244666
  722558.826829299   697976.936132549     90125.11032565      584.679785497       1016.2886502      608.304147312        8.309559784
  723114.643049278   698512.259440055    90222.950421314      584.730975158     1016.308573703      608.357802268        8.315855419
  723751.766915064   699127.036760688    90321.172682593      584.803721745     1016.399977795      608.444564725        8.322777872
  723417.638820009    698794.36905187    90415.956757394      584.624249858     1015.713697637      608.190952191        8.321886818
  724969.128716218   700300.940117657    90517.664302862      584.933558935     1016.529596207      608.592976895        8.336196184
  724559.167749456   699894.309041608    90612.345660124      584.734580344     1015.783979115      608.313581965        8.334694083
  726373.014576737    701656.74713261    90715.173279264      585.111133763     1016.805559162      608.805095855        8.351123799
  728184.056127365    703416.29273954    90818.078600107      585.485361073     1017.814813639      609.289224673        8.367558681
  727527.891329497   702769.515879894    90912.118785999      585.223343495      1016.87618421      608.925905978        8.364074352
  727907.982394831   703133.577516473    91010.006876412      585.229025473     1016.762727374      608.923606895        8.368926175
   728331.17049649   703539.511439476    91108.135160862      585.245180469     1016.676013484      608.930948606        8.374157602
   728017.21409996   703226.668147667    91203.684747941      585.071922568      1016.01573932      608.690799516        8.373404096
   728423.50359683   703616.118723059    91301.925302589      585.083700474      1015.91600894      608.692506645        8.378500058
  729179.908800954   704347.188164773    91401.519254315      585.186178462     1016.099008134      608.819230952        8.386394301
  729819.765504243   704964.425363519    91500.775672541      585.257921836     1016.182647762      608.900722667        8.393378821
  731771.475081367   706861.088420081    91604.861387317      585.666542216     1017.295723054      609.430004669        8.410960135
  731100.675278344   706200.213252057    91699.552351753      585.401948492     1016.357180282      609.068903945        8.407328611
  731899.712566998   706972.681737384    91799.641369827       585.51420214     1016.564660066      609.204282692        8.415601379
  735342.241088987   710323.461951715    91909.382924213      586.303626943     1018.846671622      610.243976478        8.445188208
  733533.889685735   708552.973867369     92000.20959814      585.747993226     1017.013489441      609.491808867        8.432409214
   732889.72962398   707918.089175217    92095.349171892      585.490526398     1016.098004679      609.140832471        8.428993667
  734480.149804947   709462.343276001    92198.637554563      585.805028023     1016.922799649      609.544714196         8.44366332
   738237.11207099    713119.57735505    92309.853405847      586.671457585       1019.4334159      610.681737273        8.475820915
  742431.005882752   717203.012078073    92422.781943568       587.64414601     1022.271487175      611.960993667        8.511478578
  739373.149096497   714213.984096959     92509.47897046      586.775523011     1019.485772108      610.796842998        8.488613574
  738235.981212919   713098.084768428    92603.254378536      586.393099555     1018.183007967      610.275510893        8.481261511
 2655410.217003697  2572190.247234285   105348.922930933      820.031643492     1504.511456636      697.190616986       24.748967844
 2656336.152361296  2573088.494574719   105357.754901075       820.10953665     1504.665810717      697.222074382       24.756224153
   2663163.9088946  2579712.135038838   105422.963037618      820.683320218      1505.80347484      697.454497769       24.809713003
 2662755.748450162  2579316.173968373   105419.060861298      820.649048973     1505.735491934      697.440580952       24.806516374
 2658470.981334624  2575159.492791696    105378.12794696      820.289053213     1505.021623185      697.294659196       24.772951958
 2655423.629508134  2572203.258655659   105349.050846218      820.032771939     1504.513692631      697.191072551       24.749072958
 2654935.805090591  2571730.022206398   105344.398815576      819.991726726     1504.432365229      697.174505284       24.745249772
 2658684.052559569  2575366.193747705   105380.162098269      820.306964647     1505.057130834      697.301908027       24.774621338
  2658944.80052907  2575619.146161873   105382.651602097      820.328882554      1505.10058243      697.310779927       24.776664215
 2659820.388638001  2576468.557891571   105391.012863943      820.402471449     1505.246482367      697.340580269       24.783523822
 2656799.101603841  2573537.601000858   105362.171706912      820.148474466     1504.742978288      697.237808058       24.759851938
 2655711.250740532  2572482.279045768   105351.794028764      820.056969691     1504.561641044      697.200842557       24.751327031
 2658621.969137152  2575305.966446928   105379.569384866      820.301745826      1505.04678492      697.299795825       24.774134927
 2657340.518080558  2574062.828925049   105367.337978778      820.194005921     1504.833219906      697.256213237       24.764094422
 2657467.177316274  2574185.701087055   105368.546709996      820.204656624     1504.854330229      697.260519688       24.765086882
 2655310.864792999  2572093.866029836   105347.975424669      820.023284468     1504.494893539      697.187242519       24.748189212
 2654660.093798061  2571462.556032241   105341.769881567      819.968526203     1504.386398067      697.165143544       24.743088889
 2657489.528844235  2574207.384314321    105368.76001982      820.206536114     1504.858055533      697.261279677        24.76526202
 2656744.959032676  2573485.077344676   105361.655120889      820.143920881     1504.733953651       697.23596779       24.759427671
   2656669.9539105  2573412.314957458   105360.939495724      820.137612573     1504.721451488      697.233418501        24.75883992
 2655156.867747087  2571944.474116061   105346.506839742      820.010327449     1504.469220164      697.182012397       24.746982309
 2654704.804034138  2571505.929202913    105342.19618201      819.972288591     1504.393852354      697.166661584       24.743439308
 2654747.527041724  2571547.374577143   105342.603540528       819.97588371     1504.400975283      697.168112184       24.743774151
 2654576.137608669  2571381.110574241   105340.969397736      819.961461127     1504.372400412      697.162293085       24.742430873
 2654486.219567984  2571293.881571456   105340.112094982      819.953894175     1504.357408615      697.159240351       24.741726125
 2654700.333015697  2571501.591890678   105342.153551736      819.971912354     1504.393106928      697.166509779       24.743404267
 2655384.882243413  2572165.670077098   105348.681314446      820.029511966     1504.507233074      697.189756482       24.748769294
 2654415.179021868  2571224.965534991    105339.43479298      819.947915709     1504.345564099      697.156828611       24.741169329
 2657218.825013934  2573944.774475184   105366.176687316      820.183772482     1504.812936992      697.252075898       24.763140866
 2664165.401216168  2580683.695481047   105432.539890959      820.767394897     1505.970268528      697.488657227       24.817555996
 2676304.432678284  2592460.081478389   105548.867592324      821.784684562     1507.990360651      697.904062043       24.912565215
 2699109.999829218  2614593.999981844   105769.259530447      823.669776083     1511.896089529      698.774008161       25.089730887
 2713465.450730297  2628535.015812623   105909.362501474      824.834840577     1514.451835429      699.397627956       25.200150408
 2723870.644398863  2638640.299672253   106011.326194853      825.677032796     1516.305468122      699.853554852       25.280058186
 2737252.054148942  2651636.133706112   106142.939940682      826.756635359      1518.68163398      700.439302012       25.382747226
   2758396.2984362  2672171.363621346   106352.016771933      828.454593772     1522.418355518      701.363236509       25.544842072
 2785479.643913171  2698475.063293931   106621.808189282      830.615472054     1527.173110552       702.54391561       25.752171413
 2824823.135434169  2736686.837813167   107017.706915964      833.727067123     1534.018467118       704.25384367       26.052769126
 2824950.560563471  2736810.599205798   107018.996801608      833.737092839     1534.040520773      704.259372178       26.053741577
 2824747.624079125  2736613.497571099   107016.942560608      833.721125788     1534.005397898      704.250567478       26.052192853
 2877294.527328664  2787650.467681114   107553.039096528      837.827625309     1543.037300465      706.525498698       26.452601471
   2925366.9050544    2834343.0662315   108050.848320267      841.536475198     1551.192730041      708.598748824       26.817857736
 2960076.305683767  2868057.167519257   108414.653408962       844.18669483     1557.019405144      710.091451815       27.080962247
 3024693.820998065  2930823.840479475   109101.716399521      849.060683114     1567.733614664      712.862074191       27.569412871
  3123269.18603215  3026528.062270178   110171.208360945      856.267070097     1582.814159723      716.527395362       28.320339821
 3187952.768077688   3089283.82437921   110886.186280843      860.825969785     1591.688846002      718.457199397         28.8191593
 3236254.421711379  3136150.587138413   111428.533000831      864.187302249     1598.286425019      719.938896113       29.190098076
 3214901.661301512  3115431.667029586   111187.886307122      862.705824815     1595.373060586      719.279779586        29.02627711
 3252852.858327453   3152256.83313002   111616.573879465       865.33407107     1600.547481078      720.455611434       29.317270032
 3266028.621780123   3165042.21881013   111766.447674372      866.241373097     1602.339992561      720.868426067       29.418111714
 3193475.866654448  3094642.649536564   110947.835658523      861.212165656      1592.44456881       718.62492431        28.86164075
 3104482.436191423  3008302.618846849     109965.9751525      854.930387124      1580.22864518      715.979334796       28.175005531
 3058041.959583606  2963217.841357215   109461.278936447      851.546454112     1573.197379349          714.28823       27.820809553
 3039175.628749805  2944891.215074014   109257.443910731      850.142593895      1570.11170745       713.48168532        27.67864163
 3022414.517011594  2928609.776796932   109077.264556658       848.89005704     1567.358564487      712.764511455       27.552213281
 3015862.845777639  2922245.652098699   109007.067946224      848.399084149     1566.279356174      712.484010877       27.502762366
 3021665.697716352  2927882.391617472   109069.234853989      848.833980844     1567.235304023      712.732456673       27.546562229
 3064654.838103598  2969641.601102282   109532.982563174      852.037033997     1574.275651404      714.570764287       27.870606183
 3076876.777016809   2981514.08425528   109665.856545265      852.941704746     1576.264056471      715.092722816       27.962592849
 3074202.531277255  2978916.293671207   109636.743835552      852.743979796     1575.829472362      714.978538824       27.942470794
 3070362.864335437  2975186.408651212   109594.982129459      852.459868907     1575.205016834      714.814570554         27.9135745
 3014158.641712902  2920590.236702165   108988.830028134      848.271246232     1565.998353067      712.411031917       27.489896371
 2925379.148760735  2834354.958709013   108050.976004993      841.537414107     1551.194794418      708.599275973       26.817950637
 2825357.846447818  2737206.174848035   107023.119964006      833.769135558     1534.111005331      704.277042418       26.056849753
  792827.214182801   766341.277009178    92882.676270969       598.92935116     1057.790589338      627.165159746        8.926926474
  677470.575575208   653891.921047427    92566.865543802      570.414152877      971.446964315      590.737576994        7.978153562
  508995.774964534   490237.126682878    92161.872586678      521.187481139      844.107396102      539.096122527        6.452881361
   475703.49660054   458040.505432539    92175.617471919      510.456855483      821.698589467      531.215223824        6.116649381
  473661.901077946   456080.662657955    92269.676666344      509.637556379      820.730585448       531.15843146        6.094261079
   471625.00795851   454125.407617104    92363.861556815      508.815094813      819.762138193       531.10178049        6.071909553
   469574.78694546   452157.421310067    92458.128337611      507.982952208      818.785365387       531.04418189        6.049393842
  467547.316045652   450211.355736025    92552.564440145      507.154257074      817.816170808      530.987929463        6.027115411
  465450.544903197   448198.656633101     92635.89591917      506.305216591      816.822351072      530.919462592        6.004014026
  463396.319944205   446227.032774237    92730.486488719      505.456977509      815.836496518      530.861508531        5.981403958
  461365.061829188   444277.534830259    92825.246297426      504.612428487      814.858529454      530.805060007         5.95903308
  459246.568908962   442244.179763297    92908.831417613      503.740501554      813.847736308      530.735389118        5.935636684
   457206.53592262   440286.390559732    93003.789359213      502.882995165      812.861324469      530.678683658        5.913132274
  455098.048748028   438262.780999885    93087.599184986       502.00490954       811.85034291      530.610030427        5.889810577
  453037.750370896   436285.992104462    93182.729520199      501.134583628      810.872973745      530.567940013        5.866958505
  450906.886369687    434241.42889181    93266.689228435      500.243664411      809.875183594       530.51745488        5.843244577
  448835.235730901   432253.945431786    93362.013259312      499.360292017      808.893868367      530.479079114         5.82020712
  446695.925720198   430201.407000984    93446.155349579      498.456170296      807.888362361      530.429218212        5.796357197
  444615.327809042   428205.467851279    93541.679172177      497.559565634      806.899462828      530.391626608        5.773177654
  442486.699460661   426163.318872656    93626.047923673      496.649614903      805.895031273      530.343771322        5.749405253
  440344.376492566   424108.091106762    93710.482127977      495.729299169      804.882776185      530.296020251         5.72545599
  438207.635994169   422058.290899732    93795.025858612      494.806138074      803.871359655      530.249511947        5.701546861
  436109.331494906   420045.627971411    93890.941326369      493.882870317      802.868293286      530.214611449        5.678078041
  433964.184914259   417987.897807022     93975.66865495      492.946375625       801.85023287       530.16986657        5.654026543
  431824.838959921   415935.805993823    94060.505906905      492.007159918      800.833447656      530.126686966        5.630016151
  429671.656978176   413870.504895718    94145.409293531      491.057340953      799.809244036      530.084165936        5.605823699
  427524.392561694   411810.955932746    94230.422926638      490.104844467        798.7866084      530.043450762        5.581672488
  425363.240209984    409738.15063324     94315.50305879      489.141631072      797.756754101      530.003658361        5.557336971
  644369.688464891   622184.157600423    94997.034167019      560.512236646      965.733528519      598.306096136        7.613822082
   776830.71186552   751094.939679703    95538.134249115      595.598033012     1060.789325375      637.157919848        8.734699672
  930963.299842331   900890.664427943    96237.846858409      631.690971126      1147.98762482      669.510025351       10.036735966
 1054027.037293904  1020250.918886009    96863.286342283      650.052177761     1188.018616688      675.277575599       11.157051695
 1131343.026847696  1095245.739310436     97313.27688955      660.685934146     1211.029081327      678.108681838       11.853039057
 1136564.857240618  1100314.665268929    97426.819273048       661.36097058     1212.613579266      678.480771913        11.89942005
 1088821.663184159  1054026.444023406    97290.136470321      654.820958549     1199.249442585      677.554662568       11.467524807
 1086892.828803658   1052163.72983099     97358.98513579      654.527676452     1198.897838742      677.791518259       11.449036008
 1085022.478702668  1050357.404997453     97439.28086467      654.238103433     1198.545517413      678.038397718       11.431160537
 1087580.874634987   1052846.92404032    97540.217377679      654.559041987     1199.514029905      678.440858211       11.453184794
 1082592.009903655  1048015.771746986    97595.092490979      653.844292258     1198.244335925      678.566607667       11.407143895
 1080010.642788223   1045519.57168853    97672.361617827      653.456561441     1197.674429424      678.785172006       11.382870786
 1079015.920920781   1044562.28514576     97757.04865111      653.288199115     1197.575349682      679.057253034       11.372916698
 1081348.501709337  1046832.585550248    97846.007106546      653.584152634     1198.482186409      679.433863584       11.392908165
 1076377.578531303  1042018.306696425    97912.520559186      652.866302971     1197.192640083      679.564774122       11.347102541
 1074389.173347214  1040097.191585354    97981.714559197       652.56483199     1196.806065716      679.788438296       11.328126246
 1074055.099754846  1039780.398279144    98069.738675256      652.488535498      1196.89602416      680.077531729       11.324172799
 1074412.598765965  1040134.560578478    98149.820278747      652.512477378     1197.205055375      680.378863307       11.326400762
 1071751.764216147  1037560.754999309    98227.334732706      652.113818685     1196.597014139      680.585247555       11.301450084
 1069151.353098042  1035045.672707707    98294.029936874      651.727408037     1196.017683799      680.781161172       11.276978968
 1067532.355351996  1033482.479390066    98365.280662266       651.47726771     1195.730385967      681.010205646       11.261376192
 1066927.947844557  1032903.135517986    98452.435035257      651.364157307     1195.731086972      681.283763437       11.255020639
 1065399.687156858  1031427.812836421    98524.239579804       651.12675891     1195.467083698       681.51328496        11.24025268
 1063363.538612823   1029459.78372782    98593.811290843      650.818547522     1195.048734067      681.723806071       11.220898419
 1062282.893718781  1028418.480441144    98667.783158987      650.643539993     1194.914420342      681.965841312        11.21019378
 1060633.168607844   1026825.00450215     98750.50400764      650.385022479     1194.596540831       682.19951841       11.194403055
 1059268.825644212  1025508.414575717    98823.335065635      650.170503767     1194.374213145      682.429751492       11.181141312
 1058142.248052094  1024422.330805963    98897.303083311       649.98922022     1194.219610049      682.665660253       11.170047233
 1056536.607610126  1022871.587832587    98969.182002695      649.741013571     1193.922044099      682.885684517       11.154609731
 1080098.853555371  1045731.068454985    99155.074521108      652.980883878     1201.043360253       683.90209334       11.367110979
 1023836.973574897   991172.015675168    98982.438177095      645.061974317     1184.487750379       682.36748185       10.855467824
 1002844.039573014   970821.197038247    98970.473087766      642.015164485     1178.319902865       681.96166363       10.662690535
 1034548.439653088   1001572.44840568    99188.303545755      646.548191396     1188.074920965      683.261107882       10.951325898
 1105933.316726987  1070811.624706934    99590.691602576      656.378216179     1209.069373622      685.650452883       11.597594382
 1213434.081381339  1175023.597090772   100182.591200011      670.537604951     1237.070210913      687.093218782       12.569390694
 1359874.048148987  1316554.058826703   100999.988287964      688.452112119     1260.093418774      679.649733316       13.945993365
 1503484.213394946  1455719.726070411   101876.068917694      704.431253504      1290.52680966      680.545507048       15.222132493
 1609190.875736236  1558211.812904867   102570.912834897      715.453617573     1312.727082699      682.229322501       16.143651425
 1619690.963082397  1568402.771471998   102713.077620449      716.476269639     1315.035676456      682.642374275       16.233668627
 1539832.996766096  1490982.017914772   102311.685843033      708.150074415     1298.558056075      681.669609735       15.538303598
 1533916.718065338  1485255.512733152   102344.156562222      707.482525392     1297.475456584      681.823916162       15.485572722
 1550077.336611787  1500930.447682846   102517.570739085      709.132035965     1300.955351714      682.248389714       15.626220758
 1577633.236942748  1527654.241403349   102748.570546412      711.951126055     1306.776622649      682.819254924       15.865892377
 1611585.406395238  1560582.836485816   103031.782302012      715.385500324     1313.884248419      683.546134479       16.160151778
 1653542.565135885  1601281.103805207   103356.588018005      719.759315706     1322.973900357       684.62892881       16.519527682
 1686225.967962622  1632990.222001242   103638.731366004      723.290458635     1330.370112314      685.728458411       16.795618437
 1708198.462449618  1654311.413771153   103844.537167286      725.632691377     1335.351240869       686.53574768       16.980315354
 1711686.952627396  1657702.410688255    103933.60805517      725.961931343     1336.205584466      686.813469814       17.009156068
 1693972.323214175  1640525.795626974   103888.434124616      723.981718756       1332.3421252      686.486460226       16.859392118
 1639965.780517525  1588148.871966128    103630.77312615      717.989369593     1320.330396727      685.215063934       16.401627514
  1634044.78244075  1582413.574309569   103661.683558848      717.340006353     1319.190383941      685.290911887        16.35002436
 1696889.111505347  1643374.839079353   104119.174684563      724.144762256     1333.190628267      687.098622936       16.882690404
 1822376.205037431  1765123.560929714   104999.962881563      737.437981211     1360.728461279       690.96928761       17.932748209
 1982992.089058536  1921007.739991053   106175.807592983       753.48570314     1394.722185882      696.341501406       19.255589298
 2161558.506587174  2094161.118804645   107552.596011697       770.27621858     1426.772252177      699.866177136       20.733594191
 2358785.456615347  2285131.916995637   109155.050725306      787.884007833     1454.914985086      700.629383721       22.387350499
 2486587.124403344  2408976.211012354   110277.247791926      799.028342517     1474.511229795      702.840088286       23.430143827
 2530623.617448389  2451663.567987024   110705.967627694      802.800773248     1481.384656787      703.858629196       23.785177813
 2466329.791942962  2389341.008998844   110223.926289852      797.146675027     1471.121883546      702.525335028       23.268210893
 2464942.571733428  2387996.382997337    110276.47220095      796.966388988     1470.801853446      702.557298325       23.257860737
 2467503.850983786  2390478.740053453    110362.18679484      797.132990587     1471.104377437      702.669291992       23.279438628
  2466214.36078255  2389228.856070213   110415.646710857      796.961372078     1470.800254644      702.703552988       23.269875785
 2465662.484365267  2388693.866331481   110475.345525234      796.854543832     1470.612059236      702.752639727        23.26627948
 2468585.683030829  2391526.993538157   110564.193145348      797.052843238     1470.971274051      702.871747818       23.290787015
 2476148.026502035  2398856.578785644   110691.997498566      797.657335482     1472.060845058      703.085294864       23.352783353
 2471374.182382395  2394229.511717081   110716.387330316      797.180732401     1471.208389875      703.048733652       23.315064967
 2467362.024571564  2390340.835887072   110747.304244136      796.770476733     1470.477503743      703.029406959       23.283471829
 2467360.256247324  2390339.058222258   110811.834243652      796.712030991     1470.376737345      703.090137072       23.284318904
 2472844.957495405  2395654.828946091    110922.26435471      797.134650472      1471.13801603      703.260165216       23.329546213
 2472482.328952699  2395303.311835609   110973.070697153      797.054296501     1470.997333163      703.303528276       23.327332278
 2469011.163739197  2391939.009393354     111008.7351684      796.691763816     1470.352620346      703.295859391       23.300107335
 2469816.219053923  2392719.258735229   111080.164324129      796.704100986     1470.379486414      703.373162769       23.307475148
 2468857.402757136  2391789.957148978   111136.926240486      796.561802695     1470.129476639       703.41568072       23.300570592
 2469980.709027406  2392878.657909896   111211.091767992      796.602057592     1470.206353028      703.499321154       23.310513673
 2469370.547920755  2392287.288173244   111270.856876642      796.490369057     1470.011394146      703.548978112       23.306427749
 2470197.418344412  2393088.657837481   111342.633904171      796.504645697     1470.041319196      703.626577626       23.313976019
 2470189.230976311   2393080.75896965   111407.503888662      796.445746664     1469.941513143      703.688514939       23.314755811
 2470557.729545264  2393437.897678282   111475.551015182      796.419865885     1469.899973006      703.757407559       23.318591115
 2470790.989940592  2393664.014673442   111542.518019034      796.382143555     1469.838148318      703.824192263       23.321324222
 2473419.486440232  2396211.454944666   111629.432426341      796.554129246     1470.149156627      703.936368252         23.3434634
 2472400.617383609  2395224.072393447   111675.220456029      796.416497994     1469.908841159      703.969076954       23.335911716
 2471634.565849193   2394481.68356875   111734.011087675      796.291314183     1469.690963375      704.016756643       23.330552715
  2472292.44255391   2395119.29812088   111804.667459016      796.290796461     1469.694996992      704.091522035       23.336728831
 2473215.172492585  2396013.635687717   111877.562344976      796.313444852     1469.740974871      704.171711067       23.345044652
 2473887.006407673  2396664.782877869   111948.415548184       796.31412971      1469.74725058      704.246822456        23.35133312
 2479304.947525135  2401915.620737398   112058.678626232      796.729538435     1470.491508973      704.411618789       23.396067073
 2474601.592999972  2397357.465976064   112085.034288159      796.260478001      1469.66300031      704.385851083       23.358804284
 2473643.369263102  2396428.938024824   112142.519686416      796.118635179     1469.417328805      704.431293083       23.351871708
 2473866.753716593   2396645.50542283   112209.833814287      796.080138483     1469.354494301      704.498434778       23.354521616
 2474156.426153161  2396926.431010799   112277.743817419      796.049283842      1469.30716806      704.569610207        23.35766428
 2474566.549748763  2397324.274083338    112346.69842989      796.031298121     1469.285805449      704.646927984       23.361721192
 2474840.379100221  2397590.025838038    112414.56995614      796.001847306     1469.243972582      704.722094308       23.364667507
  2475019.59148078  2397764.078849948   112470.760051628      795.973145599     1469.202782927       704.78454771       23.366714978
 2475323.394893767  2398058.885083202   112538.959319552      795.946240051     1469.165571212      704.860307179       23.369904708
 2475680.464878747  2398405.346407058   112607.642152613      795.923805215     1469.136890772      704.937238008       23.373524075
 2476798.651710062  2399489.227104957   112682.638302421      795.965571879     1469.218762693      705.024208084       23.383377409
 2479447.976498696  2402056.643413835   112770.291259683      796.136291834     1469.523915791      705.131944833       23.405760802
 2484658.206439554  2407105.411582225   112879.111167015      796.522207491     1470.202769404      705.275063367       23.449085986
