!         Mtip_lpc            Mu_lpc     xnl_lpc (rps)        dt_lpc (K)     g1_lpc (kg/s)
0.4837371694579086  0.4541892865683205  48.3684075297846 51.341718786 19.842627328 
0.48268234388747255  0.4531345086808927  48.24132620740925 51.04568587099999 19.738504482 
0.4815714872067468  0.45202668181053596  48.10830388651411 50.73772432499999 19.629718783 
0.48042851769979783  0.45088851714486505  47.97196288125161 50.42285791299997 19.518544783 
0.47929265394068  0.4497580653053336  47.83662186481557 50.11024247799997 19.408355856 
0.47818925301673465  0.44866016845557205  47.70516413046854 49.80625545300000 19.301435143 
0.47726123933473436  0.44773319138332546  47.59329019844983 49.54445292499997 19.210007896 
0.4764378258623754  0.44690845073233615  47.49320033653857 49.30829997000001 19.127959908 
0.4757017758505042  0.44616898150432166  47.40291923647775 49.09347573900004 19.053701903 
0.4747720185140452  0.44524230916830304  47.29141188467326 48.83317432500001 18.962999894 
0.47389738293307015  0.44436984212491454  47.18620819965857 48.58673858499998 18.87737155 
0.4726952847789408  0.44318128637422477  47.04519716307333 48.26345094600003 18.764023659 
0.47196915014795965  0.4424538354495496  46.95667100117536 48.05325746200003 18.69163636 
0.4711106926691149  0.44159918099660145  46.85382224513563 47.812531627 18.608249291 
0.4701334787784131  0.44063043924491724  46.73811033782662 47.54421413599999 18.514991933 
0.46923864326113013  0.43974214184931243  46.63166210400175 47.29613446500002 18.429067692 
0.4679097089780409  0.43843601735567594  46.47797243434261 46.946305521 18.306681408 
0.46687689354133927  0.43741646364994885  46.3568738951561 46.66684367400000 18.209678497 
0.46606078005875456  0.43660660536742957  46.25965664696883 46.43921354500003 18.131284996 
0.46506268599267375  0.43562223758230156  46.14276987313101 46.16918246400001 18.037783292 
0.46436777878122076  0.4349304306966154  46.05910549612299 45.97124292200004 17.970061336 
0.4575357017130216  0.4283624993271009  45.31219615226148 44.339590859 17.388868438 
0.45636773955215804  0.42722461522655963  45.17869053860886 44.03406813300000 17.282744248 
0.46496412475225657  0.4354346523997434  46.10011755829942 46.00955593600003 17.992494943 
0.4797894362315351  0.4497387949895581  47.7171981744972 49.44823089599998 19.239944209 
0.2800890107553977  0.2595799099604697  26.30402663221004 16.11426801000004 7.923201524 
0.2797905148341063  0.259335172752707  26.27755489870923 16.09200536200001 7.911212136 
0.3010871804249507  0.2719148658262221  27.80710175528561 15.69622780000003 9.740242893 
0.3284643783209874  0.29218509957896777  30.15536336855681 16.68429543400003 11.478670187 
0.33660867523852184  0.29841671148685195  30.84941131828097 16.97745049599996 11.986837626 
0.32130229173579  0.28673789071075534  29.55337291341456 16.42505317199999 11.06043492 
0.3212237359766768  0.28667677164102495  29.54957540156349 16.42463279200001 11.066875728 
0.3213267119774173  0.28675570547169354  29.56148944480797 16.43206988399998 11.084301961 
0.3211318750493223  0.2866046407589284  29.54760133243379 16.42651861400003 11.08369795 
0.32109759094222157  0.2865776876752414  29.54763322892234 16.42801422399998 11.092824728 
0.3211552048910157  0.286621343537085  29.55559345572394 16.43338029399996 11.107528607 
0.32103682188215027  0.2865292969946028  29.54832136059676 16.43114344299999 11.11154832 
0.3212695791398302  0.2867082956391094  29.57147006036582 16.44419109299997 11.136937434 
0.321098427597599  0.28657575441261474  29.55964752418744 16.43975389399997 11.137766771 
0.3208429244339161  0.2863780735797059  29.54050755779577 16.43161020299999 11.133419366 
0.32081148018889677  0.28635307752461936  29.54075681142253 16.43312913099998 11.142732518 
0.3208009888317364  0.28634447256701917  29.54284243650459 16.43564815000002 11.153341292 
0.32137481616930924  0.2867862278430329  29.59551175901364 16.463370376 11.199680916 
0.3211196549164859  0.28658853734306206  29.57637108336649 16.45515520599997 11.195366842 
0.32151028418917055  0.28688961280367437  29.61323514074429 16.47515342000002 11.230569757 
0.32124956515709635  0.2866877492852392  29.59362189396436 16.46675274199998 11.22593013 
0.32065510307037254  0.2862287552650225  29.54510514501834 16.44392314200001 11.200728069 
0.32049527381198084  0.28610523701356116  29.53426806344854 16.44003693399997 11.202178761 
0.32044613835925584  0.28606665711449863  29.53298187416616 16.44079832599999 11.210433777 
0.3211468366511223  0.28660567201291787  29.59662489892738 16.47389478399998 11.26491965 
0.32069221168824796  0.28625471418078524  29.56022709492705 16.45718944399999 11.248234851 
0.32052359366864763  0.2861241399771046  29.54859567688370 16.45280812599998 11.249135445 
0.3203082769807701  0.28595801001539844  29.53295436015896 16.44655444900002 11.247132103 
0.32048056098814937  0.28608997134853437  29.55084503718166 16.45689071100002 11.26914154 
0.32074853668705217  0.2862954967518756  29.57701289817410 16.47129257199998 11.297092557 
0.32070233015228694  0.28625912943549797  29.57597381267404 16.47216618400000 11.30559008 
0.32063790450043367  0.28620898998163474  29.57338007710202 16.47235398999998 11.312968021 
0.3202513280306073  0.2859107932872351  29.54287338294956 16.45862106800001 11.300290007 
0.32001740367485393  0.28573028217809227  29.52559811131678 16.45150538800004 11.297060818 
0.3199754820377771  0.28569755367656485  29.52495323732745 16.45267865099998 11.305806321 
0.3200922554221807  0.28578669210257324  29.53803157864209 16.46060476499997 11.324478025 
0.3199406232236237  0.28566945144521344  29.52787225140067 16.45700477299999 11.326366552 
0.3198341317753059  0.28558717635436626  29.52164291154973 16.45543744200000 11.331078006 
0.3197573321764128  0.2855274518024916  29.51795611875716 16.455032797 11.337638367 
0.31968153524915094  0.28546851256756506  29.51435583443539 16.45467354200002 11.344259842 
0.3196558418570999  0.2854482627732664  29.51510981647975 16.45653639900001 11.354041159 
0.3196309601865285  0.2854286366030668  29.51593332901931 16.45843330100001 11.363879319 
0.31975138035347034  0.2855201867217746  29.52929323993109 16.46637945999998 11.382875928 
0.31951275820430325  0.2853366294276653  29.51161151730094 16.45919143399999 11.379251726 
0.3194748795225908  0.285306580585358  29.51114795467871 16.46022341100001 11.388314696 
0.31942987779941145  0.28527129751063773  29.51006702517497 16.46101712699999 11.39694694 
0.31946613235891014  0.285298465440645  29.51627845701490 16.46559456199998 11.410632688 
0.3194883141092775  0.2853147781524538  29.52122315097306 16.46950107600003 11.42345457 
0.3193409583397221  0.28520049530888186  29.5109190886974 16.46539025900000 11.425723883 
0.3194028890776547  0.2852477323154373  29.51946728484462 16.47129813999998 11.441049173 
0.31921370356071155  0.2851009520655932  29.50536914384561 16.46508807800000 11.44068886 
0.31938292481791747  0.2852309547115971  29.52358158896883 16.47612613699999 11.462745189 
0.3193434575411192  0.28519967639237087  29.52296794912829 16.477073464 11.471755407 
0.3194218869893603  0.2852594073754225  29.53298123459434 16.48367882000002 11.488156389 
0.31958968449350805  0.2853880628905925  29.55082166417778 16.49429241199999 11.510263754 
0.31907319758112007  0.2849892587799915  29.50748892082106 16.47285618199998 11.489286258 
0.3190331435086687  0.28495754670576756  29.50681838530602 16.47377338299998 11.498266438 
0.31891219143480004  0.28486376223306437  29.49888619272430 16.47093911399997 11.502162066 
0.31921460199045093  0.2850961057794158  29.52907388887426 16.48822601199998 11.532727609 
0.3192770609781489  0.2851437543127378  29.53767156318073 16.49416645700000 11.548206261 
0.3189644435598928  0.2849017775842887  29.51242375074650 16.48201311899998 11.540023522 
0.3189084998211042  0.28485781912681785  29.51031685144963 16.48216617299999 11.548025859 
0.3186990714069552  0.2846959142150679  29.49440858558779 16.47511454200003 11.546318339 
0.31889681591217794  0.28484766863001054  29.51518205014905 16.48746824699998 11.570398812 
0.3189934505433842  0.28492133279524084  29.52682821353109 16.49491921099996 11.588086572 
0.3191889332126171  0.2850715973424608  29.54742589105274 16.50724923000001 11.612064939 
0.3194884930246933  0.2853022083827963  29.57742019848422 16.52457533599999 11.642651258 
0.3185622942291383  0.2845871483571744  29.49681050825799 16.48300746999996 11.595435783 
0.318608075780157  0.2846215340859788  29.50386247683888 16.48799937600000 11.60993284 
0.31853909737039104  0.2845678445405397  29.50059974224205 16.48763599599999 11.617132049 
0.3190820839192086  0.28498579808143215  29.55253294518188 16.51657348700001 11.663359355 
0.31913123661993253  0.2850229184370064  29.55990626652106 16.52177680199997 11.678128671 
0.318621775969257  0.2846292061100207  29.51685721293863 16.50012496400001 11.657243398 
0.3183026671267459  0.28438301108138675  29.49104650140825 16.487849337 11.648445112 
0.31819732221584746  0.28430113299486626  29.48447833199879 16.48565722900002 11.653307274 
0.3185411630076658  0.2845650965837781  29.51841579979248 16.50492828700004 11.687002282 
0.3183384260993647  0.2844084517356364  29.50308526184789 16.49817900399995 11.685642319 
0.3180868021736782  0.28421409129091574  29.48333246905169 16.48903900699997 11.681103783 
0.3180716392326428  0.28420183090774714  29.48491019752434 16.49122766099998 11.691776908 
0.3180119431614664  0.2841550721084056  29.48244911825530 16.49119711000003 11.699579339 
0.31821504809087137  0.28431059970108813  29.50369480070146 16.50373890400004 11.724350846 
0.31794956594296153  0.2841056469811358  29.48268656360619 16.493942382 11.718879444 
0.3178726304519839  0.28404565891193734  29.47866987870211 16.49309543099997 11.72557432 
0.3178876317952976  0.28405656442063176  29.48296054320376 16.496705131 11.738229312 
0.31803733581099525  0.2841709836251708  29.499392019522 16.50670273000003 11.759624856 
0.3181662447791917  0.28426923007073945  29.51393241788128 16.51563298899998 11.77968691 
0.3177472832606644  0.28394668086487235  29.47943944573879 16.49901624199998 11.765515818 
0.31766315866644906  0.2838812025102872  29.4747704562213 16.49782894399999 11.771750738 
0.3176178027910959  0.2838457710534368  29.47361994171732 16.49858401299997 11.780513885 
0.3178237988000691  0.28400302089890106  29.49509090385103 16.51110587299996 11.805659322 
0.3175984842780353  0.2838294087245763  29.47772010350797 16.50334512500001 11.80270593 
0.3175039775948312  0.28375627289295796  29.47213937365652 16.50178104799999 11.808271906 
0.31750442123010136  0.2837556963054264  29.47508365323147 16.50457784099995 11.820041429 
0.3174237049995678  0.2836931547355498  29.47074350298126 16.50366429799999 11.826509875 
0.31746607039721175  0.2837247282539729  29.47746305497028 16.508434131 11.841041186 
0.3173334588787445  0.28362239839397674  29.46844574565571 16.50507565600003 11.844109291 
0.3174900607167077  0.2837415856614298  29.48545850306798 16.51523042299999 11.866161718 
0.31749196076764374  0.28374241373800596  29.4885599365475 16.51820944799999 11.878076788 
0.3177345871550718  0.2839280904495248  29.51337725781116 16.53261036300000 11.905824588 
0.31737846081917637  0.28365378678198094  29.48415835290555 16.51850841300000 11.894207147 
0.31712316775034305  0.28345744602671874  29.46408013258172 16.50937227900004 11.889179247 
0.31731368946351257  0.2836025504557609  29.48414612514784 16.52110639299996 11.91356028 
0.317408649947587  0.28367447548793656  29.49560883835735 16.52836640500004 11.931652924 
0.31757025587775184  0.2837979080610739  29.51311978013250 16.53892397999999 11.954169161 
0.3178817282204165  0.28403669834412903  29.54418603684460 16.55669318799999 11.986600134 
0.3169947592240259  0.2833549646373206  29.46704124869514 16.51737841099998 11.939771362 
0.31691193592509415  0.28329088768680954  29.46249964987961 16.51636579199998 11.946115407 
0.3169597306054583  0.2833265404305664  29.46969778994408 16.52136518899999 11.961136678 
0.31715194623427817  0.28347318446808273  29.48994878780128 16.53329612499999 11.985776836 
0.3171887934950437  0.2835005084427308  29.49616761576841 16.53780241799995 12.000104251 
0.31688709295145917  0.28326865877739754  29.47188028980397 16.52645370299996 11.991900142 
0.31684515868025487  0.2832358932018399  29.47101824012993 16.52735478099998 12.000985655 
0.3168167620897229  0.2832132009501902  29.47134742643564 16.52877369999998 12.01097576 
0.3166196656070538  0.283061709022133  29.45650146039219 16.52240315299997 12.00968984 
0.3167504658280527  0.28316083613994947  29.47117482966583 16.531279939 12.030340331 
0.3165404118347751  0.28299946046555446  29.45515886046118 16.52430454200004 12.028172581 
0.31671634635735124  0.28313310278974335  29.47389986236447 16.53529386100001 12.051883044 
0.3168920464630153  0.28326700178290376  29.49266353767529 16.54643774899995 12.075600962 
0.31663929682318065  0.2830728066534868  29.47277946569085 16.53740641299998 12.07057257 
0.3165659054881401  0.2830156890718101  29.46904598553517 16.53670762600001 12.077574455 
0.31650061758562154  0.28296507872502713  29.46607094855805 16.536508841 12.085124163 
0.316307365066842  0.28281636452364284  29.451534923021 16.53021230399997 12.084036745 
0.31623933659082665  0.282763706584191  29.44831287264334 16.52989412899995 12.091390957 
0.3162310416923791  0.28275638526684754  29.45044243430874 16.53223931699995 12.102783495 
0.31620319965364807  0.2827344321381947  29.45083917719920 16.53379326700002 12.112863171 
0.31640102468190484  0.28288495486108384  29.47157773576566 16.54589662899997 12.138235556 
0.316146887261735  0.28268974537831354  29.45154469805182 16.53674854799999 12.13299474 
0.3161461697255563  0.2826885112911647  29.45438352899885 16.53956500699996 12.144933545 
0.3165984209810668  0.28303340698312524  29.49805880549720 16.56352702799995 12.187631631 
0.3161499250422216  0.2826897073805805  29.46049923273664 16.54531907000000 12.169189689 
0.3159012303315841  0.28249882731868325  29.44095914414191 16.53645854000001 12.164260559 
0.31603553765123166  0.28260065896788494  29.45596190670244 16.54555484799999 12.185430997 
0.3165399603585502  0.2829856974210663  29.50438409974969 16.57209520099996 12.231839071 
0.31711889587798037  0.2834289807898864  29.55965251036388 16.60253258400001 12.283298251 
0.31645669222359435  0.2829203191304402  29.50264657008329 16.57376018799999 12.250300733 
0.3161246500123226  0.28266568354993077  29.47557266625863 16.56099064600005 12.23969064 
0.5100658890377376  0.4795145534512238  51.81499367497466 58.140907922 25.001508977 
0.5101377507849488  0.4795856617459627  51.82329627692226 58.15860863800003 25.00883933 
0.5106671787896395  0.4801095993008569  51.88447928629765 58.28902663799999 25.062873986 
0.5106355532156536  0.4800782987179939  51.88082374904194 58.28123551100003 25.059644738 
0.5103033761697222  0.4797495580752013  51.84243380438579 58.19940625100003 25.025737827 
0.5100669300907619  0.4795155835753232  51.81511395035387 58.14116434800002 25.001615164 
0.5100290640347608  0.47947811531047674  51.81073926046554 58.13183746500005 24.997752966 
0.5103199022938862  0.4797659122453791  51.84434349271185 58.20347714900004 25.027424242 
0.5103401251923961  0.4797859248665129  51.84668039983615 58.20845870400001 25.029487965 
0.510408024520791  0.47985311931570407  51.85452695947743 58.22518472000001 25.036417568 
0.5101736744752475  0.47962120952451803  51.82744693245976 58.16745736299998 25.012504133 
0.5100892539197437  0.47953767314347123  51.81769310065264 58.14666303199999 25.003892237 
0.5103150870928058  0.4797611471348816  51.84378706591697 58.20229101299998 25.026932868 
0.5102156821528239  0.4796627782442717  51.83230069268968 58.17780481199998 25.016789909 
0.5102255086950702  0.4796725022032306  51.83343612102595 58.18022533099997 25.017792495 
0.5100581774109374  0.47950692279672513  51.81410273555856 58.139008445 25.000722399 
0.5100076608020996  0.4794569371660276  51.80826659163074 58.12656562799998 24.995570033 
0.5102272427513677  0.47967421816070405  51.83363648707974 58.18065247299995 25.01796942 
0.5101694733440371  0.47961705232874247  51.82696152366476 58.16642253499998 25.012075537 
0.5101636533244406  0.47961129318732476  51.82628906736444 58.16498894399996 25.011481788 
0.5100462239512833  0.4794950948919069  51.81272173993021 58.13606415600003 24.999503181 
0.510011131707469  0.47946037155752697  51.80866757487549 58.12742054599999 24.995924028 
0.5100144483160183  0.47946365327962526  51.80905073359162 58.12823746000004 24.996262288 
0.510001143081048  0.47945048802486384  51.80751362241425 58.12496025199999 24.994905302 
0.5099941623899974  0.4794435808007247  51.80670717202263 58.12324084600004 24.994193363 
0.5100107846209946  0.47946002812398775  51.80862747710297 58.127335055 24.995888628 
0.5100639225973215  0.47951260765580767  51.81476648761065 58.14042355999999 25.001308401 
0.5099886471324693  0.4794381236012732  51.80607002050084 58.12188239100004 24.993630885 
0.510206240630714  0.479653435322461  51.83120976116576 58.17547913900000 25.015826622 
0.5107447650076743  0.48018638982640743  51.89344772528768 58.30814071499998 25.07079701 
0.511683761527092  0.48111593597264524  52.00203457965391 58.539505561 25.166775713 
0.5133831815551011  0.48278708020787103  52.19821303453005 58.945188519 25.345749202 
0.5143969433366778  0.48377338510723844  52.31485844348351 59.17497410600003 25.457295457 
0.5151314333052195  0.4844879918410182  52.39939721797237 59.34047906099999 25.538018622 
0.5160741411297229  0.485405589515238  52.50798329960887 59.55295873 25.641755513 
0.5175593592067138  0.48685219370455324  52.6792469630277 59.88792236000000 25.805504392 
0.5194539279254126  0.48869916027346555  52.89804620391435 60.31558221100005 26.014949343 
0.5221904831239118  0.4913701584173623  53.21473694726501 60.934069744 26.318614387 
0.5221993161305561  0.49137878583722583  53.21576039671741 60.93606759099998 26.319596762 
0.5221852486480033  0.4913650457890205  53.21413045034474 60.932885817 26.318032235 
0.5258113230402769  0.4949098923370013  53.6349342866353 61.75386725999999 26.722526665 
0.5290997049831926  0.49812997483860977  54.01769159729076 62.499896304 27.091510044 
0.5314568336626393  0.5004411733183749  54.29271440687606 63.03557279500001 27.357299302 
0.5358067536521488  0.5047127092842234  54.80167943999348 64.02623160000002 27.850734128 
0.542178980952028  0.5110354518531669  55.55687585531530 65.62360973699998 28.609323618 
0.5461459380258659  0.515029674310499  56.03517367969141 66.75344460000002 29.113233105 
0.5490842688523804  0.517991401642203  56.39035799834153 67.58628536700002 29.48795698 
0.5477878506069277  0.5166843423007401  56.23355375258838 67.21924923200004 29.322464367 
0.5500892531254524  0.5190049678520615  56.51201338587458 67.87035602700001 29.616426613 
0.5508852717829105  0.5198079842549429  56.60843488735659 68.09507804399999 29.718297294 
0.5464829633870923  0.515369250478084  56.07587443597565 66.849144572 29.15614804 
0.5410199657025195  0.5098694797182949  55.41740550999178 65.29231978400003 28.462506321 
0.538032225397559  0.5069011623243641  55.06278075459124 64.534158902 28.104696089 
0.5367748157658643  0.5056644177158983  54.91519784225369 64.24708294599998 27.96107747 
0.5356541621158883  0.5045627311005871  54.78379426384039 63.99143267100004 27.833359033 
0.5352152058237505  0.5041313469802694  54.73235697330011 63.89134697499997 27.783403515 
0.535604017746676  0.504513447653169  54.77791735911035 63.97999787099996 27.827650317 
0.538471960680279  0.5073338228010861  55.11442851807595 64.63461125699996 28.15500085 
0.5392833121125796  0.5081323252193133  55.2097718242755 64.82003390799997 28.247926158 
0.53910593449118  0.5079577340822471  55.18892250801406 64.779488034 28.227598775 
0.5388511080691508  0.5077069328804958  55.15897495969916 64.72124713199997 28.19840762 
0.5351009418436474  0.5040190673806954  54.71897047634672 63.86529857300002 27.770406234 
0.529100538994653  0.49813079215758105  54.01778881013783 62.50008570299997 27.091603893 
0.5222275475497364  0.4914063604335293  53.21903152578063 60.94245302900003 26.322736654 
0.32534878006839774  0.2897620350866487  30.29329146267050 16.97566057099999 12.882849829 
0.30561917147908807  0.27480658059267915  28.54779204074093 16.11349989999996 11.51363289 
0.28063157664285454  0.25887170835060563  26.60669891196388 16.05273259500001 9.31244385 
0.2761235367888055  0.25633261369815924  26.29395959028392 16.21089724600000 8.827212329 
0.275536440802222  0.25585387273616067  26.23973857684373 16.16428133099998 8.794902761 
0.27495094737988046  0.25537687015170746  26.18568845602837 16.11783737799999 8.762646268 
0.2743629714355404  0.25489829045807266  26.13141480382644 16.07122608399999 8.73015283 
0.27378085336909624  0.25442492911319675  26.07772558780154 16.02515687599998 8.698001823 
0.27319636963158145  0.25395010951559294  26.02353546768116 15.97860707700005 8.664663174 
0.27260947796862517  0.2534738071347931  25.96942338843181 15.93224903999998 8.632033565 
0.27202864790091985  0.25300290427565664  25.91591739490016 15.88646458299996 8.599749143 
0.2714413215982082  0.25252723486187256  25.86151664245984 15.83987346800000 8.56598475 
0.27086015440932315  0.25205705092982156  25.80802186109828 15.79420541299998 8.533507621 
0.2702767808873815  0.25158559688522497  25.75404969353194 15.74810337200000 8.49985103 
0.2696952184897685  0.2511160453726455  25.70055411115324 15.70150599200002 8.466872175 
0.26911146511219186  0.2506452372117136  25.64658293433677 15.65425273400001 8.432649537 
0.26852984701153254  0.2501766790732921  25.59312860261572 15.60761026000000 8.399403146 
0.2679461493362357  0.24970699229629895  25.53921449671783 15.56057136499998 8.364984246 
0.2673646798801037  0.24923964311128988  25.48582607815102 15.51415817100002 8.331532803 
0.2667855536886467  0.24877473395228228  25.43240596524728 15.46773517700000 8.297225781 
0.26620443072812455  0.24830878430862746  25.37882213437606 15.42126471500000 8.26266352 
0.26562571824588943  0.2478453347186441  25.32549873480484 15.37512339699998 8.228159178 
0.26504504712630034  0.24738088874969805  25.27229818338878 15.32926773100001 8.194290266 
0.26446690783640603  0.24691905303773048  25.21908843579925 15.28343868899998 8.159580466 
0.26389133585948793  0.2464598506042523  25.16615511639456 15.23796264899999 8.124929988 
0.26331394621544507  0.24599978874240336  25.11307832730052 15.192478021 8.09001677 
0.2627392198619563  0.2455424425486492  25.06028779799699 15.14736163699996 8.055163069 
0.26216274487664626  0.24508430610846083  25.00736154354964 15.10225183899996 8.020043389 
0.29309991279579595  0.263984759705762  27.37627042358160 15.02884717500001 10.987849714 
0.3170093918460703  0.2824807782391734  29.55526842629009 16.34562254500002 12.60543867 
0.3193551433332753  0.30065316891880844  31.62482602912473 25.02415147199997 10.139151901 
0.33791279428992715  0.31737167620963674  33.47974763313532 27.02822294499998 11.270899452 
0.3495269281690672  0.32797327771328716  34.65648406296159 28.33179623300003 11.973988744 
0.3501598709590813  0.3285443380736577  34.72138690346425 28.39865238900000 12.020843013 
0.3427509894734246  0.32176030303259556  33.970977094021 27.56285974100001 11.584540665 
0.3423234923930459  0.32136315573735563  33.92824149479534 27.51159837700004 11.565863204 
0.3418856317814  0.3209568584462357  33.8848915789007 27.45994555699997 11.54780533 
0.34212125507234026  0.32116548781454113  33.90968448604519 27.48421147299996 11.570054325 
0.3412298658500117  0.320345485961288  33.82014720387330 27.38109065600002 11.52354362 
0.3406852720823948  0.3198424673249947  33.7661300448096 27.31782032900003 11.499022825 
0.34038199811903563  0.31955975560916966  33.73653911194534 27.28180115899999 11.488967165 
0.3406032348487265  0.3197552488344012  33.75954914605805 27.30408304300005 11.509162627 
0.33969740483257765  0.31892360940753983  33.66919239161909 27.20071664699998 11.462889597 
0.33926383313621256  0.31852262995697295  33.62617369803497 27.149821417 11.443719667 
0.33906194903345627  0.31833288724140424  33.60693813876887 27.12557157700001 11.439725878 
0.33898433246424586  0.31825631570989593  33.59986944748915 27.11467558999999 11.441976575 
0.33843058177816243  0.3177465097919013  33.54522473324071 27.05130105799998 11.416771297 
0.3379056945743963  0.31726325589699067  33.49317230362628 26.99073402699997 11.392050476 
0.33752969729095883  0.3169156454170545  33.45614757987342 26.94686896299998 11.376288488 
0.33728831400249576  0.31669061263112624  33.43306965731614 26.91866108400000 11.369868082 
0.33692663194822775  0.3163563387733726  33.39755043043645 26.87659405200003 11.354949429 
0.33648848323906355  0.31595279326192693  33.3543853011228 26.82616008900004 11.335397675 
0.3361950312462514  0.31568085483300373  33.32579415355352 26.79188479599997 11.324583805 
0.3357969116205407  0.3153140407353794  33.28708208892885 26.746647881 11.308631949 
0.33546118563132166  0.31500402722179477  33.25430606976452 26.70787436400002 11.295234882 
0.33516159720255934  0.31472698503769403  33.22519600797804 26.67322426999999 11.284027598 
0.3347900027996882  0.3143847338735453  33.1888814069592 26.63066686100001 11.26843257 
0.3382125117135849  0.3174893631405984  33.53389032490001 27.00965502899998 11.483102204 
0.3295997599133614  0.3096774196446938  32.67145349257392 26.05707802400002 10.966238187 
0.32630589975904684  0.30670032972174327  32.34395586275674 25.69969199399997 10.771493778 
0.33096050378407615  0.3108970079784782  32.80949865454859 26.20354458100001 11.063074407 
0.3415932068489059  0.3205534453640393  33.87890136508778 27.38446171000004 11.715937484 
0.3575572166648278  0.33516194018052564  35.49704929625773 29.16049302400000 12.69765011 
0.3774300097834599  0.3533911549746367  37.52189263161537 32.26196102899996 14.088299783 
0.3940011861806892  0.36848440264858134  39.21177939598502 34.79000738000002 15.377460772 
0.4056801301906678  0.3791962541389609  40.41645176551125 36.55717409099998 16.308382982 
0.4067220835977805  0.3801474083414227  40.52410618970556 36.70816533700002 16.39931873 
0.39780043037320584  0.3719386120314051  39.60066929935198 35.34535776699999 15.696858121 
0.39705312417226646  0.3712453203006727  39.52287797446443 35.22430362299997 15.643589174 
0.3987538319462877  0.37279644118064836  39.69778807210701 35.475981424 15.785672398 
0.40172593853762073  0.37551618011145815  40.00387193144807 35.91943762200003 16.027789652 
0.4053487305526573  0.37883929722070314  40.37871359352689 36.46237805599998 16.325051707 
0.4098072304941827  0.3829489009763957  40.84241331112314 37.13986758299995 16.688094722 
0.4131890796832891  0.38607925170436863  41.19667463311323 37.66099710200001 16.967002736 
0.4154269020531169  0.38814952305371836  41.43103842416765 38.00597702499999 17.153584321 
0.4157054531800178  0.3884003809727808  41.45979431702095 38.04400100099997 17.182719328 
0.4137442361805169  0.38657226334551376  41.25352548240160 37.72802681500002 17.031427171 
0.40786217528767915  0.3811093958230323  40.63763588347864 36.80647474199998 16.568991487 
0.40713074870843696  0.38042776886330076  40.56126898369892 36.68926040899998 16.516861769 
0.4137600994559817  0.3865650210150219  41.25462282620223 37.714744424 17.054963195 
0.4267207493136464  0.39862417553801915  42.62082082138344 39.759199529 18.115735903 
0.44268325760568233  0.4135893048003598  44.32455161113762 42.27862805899997 19.452075405 
0.4594314675151446  0.42947385169991603  46.14003656049555 45.34267420699996 20.945162019 
0.47602892923401957  0.4454490369943238  47.97768894017326 49.29335016300001 22.615793434 
0.48630981237756077  0.4554606613283978  49.13705693890096 51.77037252700000 23.669227538 
0.4897088740371935  0.45879034282371645  49.52540338836294 52.60018422100000 24.027884328 
0.484422195266976  0.453615262803862  48.92939348791226 51.32501018399995 23.505642222 
0.4841700983819328  0.4533692896551443  48.90412593568364 51.27054258499999 23.495186452 
0.4842359228733092  0.4534341348793597  48.91482435090718 51.29326152599998 23.516984527 
0.4839918890076073  0.4531960659135341  48.89046778974067 51.24072682299999 23.507324104 
0.48380701812180377  0.4530158905344187  48.87282218532505 51.20261263800000 23.503691102 
0.4839019046640291  0.4531091248620325  48.88680170541436 51.23237861699999 23.528448714 
0.48436952915821935  0.45356666264539475  48.94291784053567 51.35253962000001 23.59107767 
0.4838456834794011  0.45305513812944886  48.88692953698624 51.23213291699994 23.5529744 
0.48338328352153404  0.45260374986261287  48.83788697514055 51.12652770899996 23.521058883 
0.4832429871012751  0.452467179366847  48.82527847487703 51.09918490399997 23.521914601 
0.48354363766344016  0.452761387104874  48.86249016817229 51.17883680199998 23.567603415 
0.4833977903952877  0.45261928935072326  48.84870556501244 51.14900749499998 23.565366889 
0.48297915278696596  0.4522108022618256  48.80463424039043 51.054038542 23.53786414 
0.48290412365329616  0.45213796689138264  48.79937870486782 51.042439618 23.545307135 
0.48268729030846896  0.45192667682109283  48.77811946170519 50.99646028199999 23.538332123 
0.4826378693482913  0.4518788624532139  48.77575607754937 50.99106959799997 23.548376665 
0.4824491567915058  0.45169506366232526  48.75767450731117 50.95190122100001 23.544249047 
0.48237569704681266  0.45162382554154745  48.75261423782628 50.94073602099996 23.551874341 
0.4822356943868338  0.45148757068115397  48.7400150089394 50.91330955899997 23.55266209 
0.4821255881366261  0.4513805610428225  48.73081359263204 50.89322346099999 23.55653653 
0.48200502744648815  0.45126330586343405  48.72040999104093 50.87050728999998 23.559297525 
0.48207579398204503  0.45133289559815126  48.73164007052187 50.89439735500002 23.581662615 
0.48187844443918626  0.4511405861847751  48.71201748130176 50.85186657600002 23.574033872 
0.4816777605614572  0.45094517821520524  48.69258286203306 50.80971814699995 23.568620187 
0.4815909910339247  0.45086097848849355  48.68601466778585 50.79527298900001 23.574859325 
0.4815257301156744  0.4507977311089721  48.6818543607163 50.78597600800003 23.583260002 
0.4814401077243091  0.4507146574728582  48.67541429747372 50.771798897 23.589612638 
0.4817334205209906  0.4510014090690012  48.71175791794283 50.84977426899996 23.634803061 
0.48121906426655703  0.4504998778211782  48.65688739137531 50.73122378800002 23.597160038 
0.4810038339937954  0.4502903009113035  48.63578893739657 50.68539037300002 23.590156721 
0.4808826127226817  0.45017251596975844  48.62532690778033 50.66251481499995 23.59283367 
0.48076666965263565  0.4500601019240187  48.61548644400363 50.64115460299996 23.596008401 
0.4806606281544138  0.44995758122431384  48.60677584628919 50.622420928 23.600106711 
0.48054342645031745  0.449844274822952  48.59683156765597 50.60109696400002 23.60308309 
0.4804422723324211  0.44974641903009366  48.58812835433981 50.58239320999996 23.605151454 
0.4803275462114495  0.4496355296154821  48.57846137390228 50.561644602 23.608373732 
0.48021743670333633  0.4495290830935697  48.56929173886396 50.54190892100001 23.612030031 
0.4801676472348108  0.4494812531204654  48.56691884185346 50.53665482000002 23.621983911 
0.48023966439350035  0.449551688012961  48.5782307058049 50.560496183 23.644595706 
0.4805152906678466  0.44981979459177013  48.61240635580246 50.63290610199999 23.688362985 
