!    dmdt_1_hot (kg/s)     dmdt_2_cold (kg/s)          v_1 (m/s)        v_2 (m/s)           T_1 (K)          T_2  (K)        
      14.610047331       257.47832218      133.252680458      177.937482521      592.780259259      282.221573499
      14.544967711      256.381194751      132.709548517      177.207372272       592.90956123      282.086642045
      14.479274316      255.255645282      132.164542242      176.457943669      593.057302089      281.948650387
       14.41599994      254.174757899      131.639286395      175.737831315      593.200574721      281.816486613
      14.354285701      253.095126739      131.120280313      175.018702654      593.311811056      281.685784856
       14.29161554       251.98034017      130.593144168       174.27592151      593.426456954      281.551531859
       14.22946765      250.894700978      130.068040336      173.552101889      593.531319918      281.421080852
      14.166189799      249.775647626      129.535417598      172.805630236      593.649628348      281.287088822
      14.105546949       248.70364048      129.025156214      172.090146933       593.76594177      281.159114159
      14.040383604      247.569281749      128.474841454      171.332579906      593.883760436      281.024018258
      13.977611517      246.479717337      127.944586672      170.604515938      593.998824509      280.894640004
      13.913881731      245.358421156      127.408501597      169.854883494       594.12857329      280.761984464
      13.850612303      244.265185103      126.873988846      169.123551626       594.24878981      280.632945215
      13.787260057      243.171484825      126.338963684      168.391513219      594.372327348      280.504243415
      13.721943332      242.037401652      125.788531045      167.632052085      594.507783544       280.37124619
      13.658187515      240.940688979      125.250262946       166.89718683      594.637676602      280.242984634
      13.592401335      239.803050902      124.696007525      166.134505265      594.779806096       280.11039644
      13.528624913       238.70661779      124.158222592      165.399032323       594.91786362      279.982986855
      13.462288342      237.564620546      123.599460303      164.632589464      595.067084074      279.850722601
      13.399238078      236.475070921      123.069315985      163.900970348       595.21605798      279.724967862
      13.332152998      235.349774043      122.501285782      163.144844408      595.357857771      279.595317144
      13.026917942      232.068060052      119.689981411      160.931549466       594.89592216      279.208778077
      12.964099773      230.978081504      119.172540251      160.197781253      595.111249588      279.085032946
      13.332817571      233.745239836      122.715733061      162.071247645      596.385521824      279.420799013
      13.993593265      239.135880535       129.06252987      165.711093335      598.598301998      280.076188211
       5.795859848      159.227847035       43.642802456       111.22221966      481.381024389      271.990110749
       5.787937324      159.014040285       43.546848445      110.998743494      481.393868894      272.010549933
       6.582976673      163.642576085       51.641281974      114.145201168      502.926697278      272.584775838
       7.497102598      172.605180825       62.471286317       120.23894969      535.483172357      273.490944522
       7.720100065      175.425738706       65.250901899      122.061476339      543.944999722      273.775117538
        7.31942397        170.7069764       60.076759446      118.724724976       528.48846734      273.412704573
       7.325332034      170.862987359       60.064758697      118.726698093      528.546560684      273.471591063
        7.33135392      171.020344163        60.05412303      118.729518511      528.608752035       273.53058905
       7.339755644      171.173021829       60.079326968      118.729248661      528.817267085      273.589613997
       7.344698101      171.318476529       60.055321015      118.723768527      528.839270271      273.647514523
       7.349408549      171.430139419        60.03508048      118.695302303      528.911226912      273.702810979
       7.358330376      171.619978411       60.059828516      118.720055217      529.079779617      273.764710174
       7.362050552      171.752052457       60.020778961      118.705243706      529.056549238      273.821374151
       7.366157666      171.857119889       59.993107134      118.672154235      529.106191885       273.87605876
       7.371733074      172.009962985       59.976765792       118.67142545      529.151223518      273.934584186
       7.381788868      172.212621676       60.015055366        118.7045577      529.360480981      273.997595041
       7.386742081      172.327181309        59.99762809      118.677802367      529.440944317       274.05311897
       7.392784225       172.48539066        59.98683514      118.680504205       529.50264899       274.11209895
        7.40526507      172.715192192       60.054351292      118.731762324      529.799860208      274.177509313
       7.403928936      172.759999563       59.960331883      118.657498455      529.649999766      274.226741707
       7.407815836      172.894525464       59.923290291      118.643934069      529.632776879      274.283563046
       7.414534057      173.060516848       59.920579242      118.651642169      529.718770019      274.343204607
       7.418895383      173.168735015       59.895889461      118.620354152       529.77744402      274.398128008
       7.425139225      173.329595547       59.887362363      118.624455789      529.845949143      274.457290231
       7.431994342      173.497297274       59.886174165      118.633101942      529.936517325      274.517055577
       7.436452249      173.606693705       59.862609595      118.602495041      529.998597444      274.572069504
       7.442873951      173.769721457       59.856112118      118.607849162       530.07320073      274.631397048
       7.449921577      173.939744964       59.857101198      118.617837813      530.170313592      274.691340192
       7.454303952       174.04841376       59.832578857         118.586622      530.229536553      274.746273393
       7.460786573      174.212312734       59.826689764      118.592347987      530.305965568      274.805649505
       7.466223537       174.33269181       59.814801333      118.568940617       530.40320342      274.861621393
       7.472651996      174.496112227        59.80817953      118.574208117      530.477428767      274.920936107
       7.479755939        174.6670662       59.809596888       118.58445089      530.575829815      274.980912307
       7.486404879      174.800921824       59.812101602      118.569936451      530.716390565      275.038067495
        7.49057733      174.939638381       59.778380331      118.558424887      530.709100435      275.095149887
       7.497930006      175.113528022       59.782616569        118.5704061      530.815979071      275.155357029
       7.501548681      175.214053007       59.748869813      118.533438765      530.847522846      275.209525643
       7.511167891      175.413048993       59.779997668      118.562055272      531.035298974      275.271946815
       7.520927903      175.613689213        59.81269383       118.59164671      531.227825247      275.334497254
        7.52099751      175.675166993       59.736679159      118.528501505      531.132201712      275.385182271
       7.528289274      175.848691517       59.739924857       118.53985838      531.236103921      275.445305829
       7.533088678      175.994846215       59.713560783      118.532898703      531.250922967      275.502988783
        7.53780275      176.107661105       59.692764191      118.503911844      531.321466961      275.558220299
        7.54413559      176.270829864       59.684530132      118.508163731      531.390828011      275.617396023
        7.55150157      176.445438181       59.688457121      118.519934875       531.49677274      275.677574312
       7.555959264      176.555538725       59.664573684      118.489023039      531.558053609      275.732549441
         7.5620194      176.715912466       59.653008569      118.491210989      531.617389489      275.791448836
       7.568703305      176.883219331       59.648751578       118.49791688      531.698709565      275.850950754
       7.573641124      176.998704706       59.630480024      118.470458398      531.776898533      275.906386927
       7.581307954      177.176925559       59.637688803      118.484246765      531.892718397      275.966833946
       7.586055994      177.290382687       59.617139434       118.45536788      531.964076198      276.022081372
       7.592226684      177.452298269       59.606696091      118.458240245      532.026782166      276.081070487
       7.600799262      177.640649277       59.624341249      118.478472719      532.174012316      276.142378139
        7.60617606      177.761106341       59.611071363      118.454077206      532.267303097      276.198224819
       7.610588524      177.903935122       59.579950269      118.444164126      532.267774903      276.255505185
       7.617453077      178.073740626       59.577456789      118.451944207      532.354398486      276.315148932
       7.621622647      178.181072201       59.550053343      118.418798175      532.405178056      276.369826505
        7.62917985      178.358587497       59.555548691      118.431509243      532.515843657      276.430129101
       7.634562251      178.512361032       59.535676958      118.428549035      532.550165075      276.488335445
       7.639731018      178.630745313       59.519862603      118.402546224      532.635845047      276.543968665
       7.646728703      178.802329346       59.518705562      118.411141976      532.726488366      276.603720321
       7.653367592       178.97006438       59.513332434      118.417133095      532.804440981      276.663123255
       7.659111627      179.094841395       59.504100498      118.395178951      532.909959133      276.719299099
       7.664491445      179.248931474       59.484077461      118.392118426      532.943818099      276.777489469
        7.67099715      179.382089084       59.483597008      118.375555519       533.07570071      276.834388439
       7.676867705      179.541670968       59.469190577      118.375958724      533.126463112      276.893042003
        7.68297374      179.703910382       59.457471656      118.378022404      533.185312976      276.951917317
        7.68800937      179.821102265       59.439936739      118.350911348      533.265887332      277.007404137
       7.694438532       179.98699836       59.431879546      118.355231711       533.33575884      277.066581078
       7.702549705      180.171331421       59.443109869       118.37145721      533.463688035      277.127354172
       7.706496958      180.276838807       59.413106567       118.33662628      533.507398663      277.181806373
       7.713222446      180.446507247       59.408783537      118.343185237      533.591228094      277.241282957
       7.723782979      180.657905809       59.448153737      118.376713686      533.805418605      277.304376921
        7.72671858      180.753011878       59.407215803      118.335024496      533.820504578      277.357910098
       7.731516133      180.902167416       59.381090969      118.328083192      533.840999527      277.415574708
        7.74163461      181.108866555       59.415091529      118.358289613      534.038710796      277.478224571
       7.743408045      181.191653086       59.361165593      118.308557748      534.016199399      277.530677008
       7.749188965      181.351650934       59.346096797       118.30844575      534.069281046      277.589256212
       7.756275687      181.525814042       59.345706699      118.317399228      534.165621619       277.64905286
       7.761649113      181.647576675       59.332387182      118.292737693      534.262828261        277.7048712
       7.772796725      181.865660865        59.37755253      118.329825129      534.493472184      277.768447076
       7.775538327      181.993163448       59.328175366      118.308514586      534.445401859      277.824177647
       7.779396133      182.098702078        59.29777536      118.273290384      534.492292762      277.878576532
       7.786347679      182.271736905       59.295651081      118.281162921        534.5835263       277.93822692
       7.792705403      182.438459204       59.286831355       118.28490183      534.655024353      277.997321057
       7.797888294      182.558379114       59.271234679       118.25880107      534.745575057      278.052947236
       7.804908878      182.743307114       59.260876481      118.262606197      534.823373374       278.11855956
       7.813206018      182.931108734       59.273577461      118.279622508       534.95830743      278.179440177
       7.816984437       183.03603435       59.242249165      118.243795984      535.002514257      278.233757533
       7.826261338      183.234490388       59.265738863      118.267465868      535.169261025       278.29553394
         7.8310174       183.38441867       59.238868264      118.260054404      535.187544034      278.353125015
       7.835445014      183.496439879        59.21473871      118.228655543      535.252998374      278.408038582
        7.84264377        183.6727555       59.214966441      118.237963239      535.351169706      278.467880616
       7.847583339      183.790337666       59.196489574      118.210040179      535.433311137      278.523263315
       7.858279204      184.004336792       59.235341014      118.243176223       535.64536874      278.586316127
       7.862181611      184.145450885        59.19893164      118.229870286       535.63551773      278.643110555
       7.865554147      184.246327307         59.1630799      118.191213446      535.666464899       278.69704619
        7.87234483       184.41859701       59.158589163      118.197600674      535.750730925      278.756493326
       7.878559806       184.58477717       59.147709196      118.200047497      535.816161526      278.815408434
       7.884826345      184.716799641       59.143733762      118.181035169       535.94110786      278.871994684
       7.890948853      184.882117219       59.131768937      118.182808079      536.003341623      278.930818353
       7.897441649      185.051486749       59.123840307      118.187070181      536.077473496      278.989977596
       7.905453252        185.2023005       59.138905231      118.179782433      536.258591617      279.048147972
       7.910053246      185.351519953       59.110131825      118.171184807      536.271264147      279.105570632
       7.917205129       185.52815383       59.109304343      118.179819454      536.366333186      279.165319988
       7.922585167      185.650882176       59.095408839       118.15465696      536.462093385      279.221077574
       7.928854559      185.818199684       59.084851426      118.157288529      536.528477926      279.280015292
       7.934416508      185.978039546       59.066541948      118.155143077      536.572008131      279.338306451
       7.940667375      186.110184246       59.062082517      118.135779317      536.695614676       279.39484894
        7.94699203      186.278310153       59.052034418      118.138721095       536.76350301       279.45382737
        7.95889432      186.506149608       59.102640533       118.17904832      537.010256991      279.517861664
         7.9629555      186.614973542       59.074209563      118.144892543      537.063204393      279.572404848
       7.966242504      186.750844268       59.031038379      118.127412615      537.033412221      279.628620426
       7.971690738       186.90991441         59.0113477      118.124409487      537.072872546      279.686792524
       7.977058634      187.032831244       58.997122896      118.098994191      537.167744662      279.742518028
       7.987667778      187.247115618        59.03324403      118.130373306      537.371777487      279.805345059
       7.993482907      187.410304931       59.017413296      118.129740346      537.422610908      279.863838045
       8.001447283      187.561036579       59.031126608      118.121526255      537.599919183      279.921893151
       8.016601854      187.824157842        59.11607434      118.183019745      537.948143738       279.98879147
       8.016687841      187.926281795       59.038220896      118.144129615      537.815906514      280.042111123
       8.016311551      187.988126385        58.96192074      118.080436696      537.727742112      280.092652385
       8.023495472      188.166266768       58.960702061      118.088797921      537.821673061      280.152361901
       8.026948228      188.269052938       58.925704343       118.05054531      537.855374724      280.206348833
       8.033359495      188.439007958       58.916108758      118.053709562      537.924454202       280.26536805
       8.043050865      188.643886756       58.941605477      118.078453138      538.096888176      280.327327523
       8.051505222      188.799888113       58.960103936      118.073073276      538.288132857      280.385800095
       8.059635371       188.98827333       58.968713319      118.087414265      538.410796135      280.446348298
          8.063066        189.1266881       58.927016075      118.070768649      538.385039048      280.502693262
        8.06380011      189.200645886       58.862936054       118.01452466      538.332753241      280.554263274
       8.070764378      189.376839176       58.859020812      118.021149682      538.418458239      280.613762757
       8.079205626      189.568804628       58.870782205      118.037421633      538.550388774      280.674573188
       8.089103672      189.740302698       58.904304787      118.041248211      538.786000111      280.734301812
       8.097197664       189.92870543       58.912213085      118.055144709      538.906597431      280.794789634
       8.098361688      190.043540097       58.846462688      118.023697998      538.809888931      280.849116363
       8.103630399      190.165935717       58.830665834      117.997146891      538.900044297      280.904719299
       8.108558386      190.320946763       58.804929642      117.990336525      538.921401806      280.962389922
      17.641066417      286.283551626      145.178581475      175.684533225      622.790326081      289.885124914
      17.640591462      286.279386931      145.174414441       175.68205592      622.788483295      289.884653738
      17.640222049      286.276147658      145.171173384      175.680129086      622.787050027      289.884287264
      17.640701406      286.280350989      145.175379036      175.682629376      622.788909864      289.884762807
      17.640666224      286.280042491      145.175070366       175.68244587      622.788773362      289.884727905
      17.640182468       286.27580059      145.170826126      175.679922638      622.786896463      289.884247998
      17.640798156      286.281199356      145.176227878      175.683134014      622.789285246      289.884858788
      17.640499109      286.278577118      145.173604179      175.681574215      622.788124977       289.88456212
       17.64020006      286.275954842      145.170980463      175.680014393      622.786964714       289.88426545
      17.640213253      286.276070532      145.171096215      175.680083209      622.787015902      289.884278538
      17.640151684      286.275530647      145.170556036      175.679762066      622.786777025      289.884217459
      17.640327596       286.27707317      145.172099402      175.680679614      622.787459531      289.884391971
      17.640415552      286.277844427      145.172871083      175.681138385      622.787800785      289.884479227
      17.640296811       286.27680323      145.171829314      175.680519044      622.787340092      289.884361432
       17.64055628      286.279078431       145.17410577      175.681872414      622.788346793      289.884618836
      17.640323198      286.277034607      145.172060818      175.680656676      622.787442468      289.884387608
      17.641866787      286.290569695      145.185603607      175.688707804      622.793431552      289.885918917
      17.641462207      286.287022133      145.182053974      175.686597599      622.791861748      289.885517555
      17.640173673      286.275723464      145.170748957      175.679876761      622.786862336      289.884239273
      17.640266027      286.276533289      145.171559225      175.680358473      622.787220654      289.884330892
      17.641299494      286.285595377      145.180626394      175.685748917      622.791230416      289.885356137
      17.646426768      286.330552166       145.22561202      175.712490463      622.811126727      289.890442645
      17.645855156      286.325540374      145.220596715      175.709509335      622.808908355      289.889875576
      17.641976727      286.291533695      145.186568176      175.689281222      622.793858131      289.886027982
      17.640666224      286.280042491      145.175070365      175.682445871       622.78877336      289.884727905
      17.640389165       286.27761305      145.172639579      175.681000754      622.787698409       289.88445305
       17.64438211      286.312624744      145.207672377      175.701826796      622.803191882      289.888414239
      17.651658751      286.376423001      145.271518492      175.739775184      622.831434369      289.895633079
      17.670095948      286.538036336      145.433307401      175.835901206      622.903037377       289.91392424
      17.686788191      286.684310058      145.579807186      175.922897696      622.967917112      289.930484774
      17.700157853      286.801437889      145.697162024      175.992555734      623.019918872      289.943749282
      17.767613097      287.391984203      146.289475445      176.343711503      623.282771566      290.010678393
      17.850178382      288.113880118      147.014941395      176.772851571      623.605566884       290.09260897
      17.942806641      288.922533753       147.82943305      177.253408728      623.969032116      290.184535908
      18.034136104        289.7185756      148.633116692      177.726308433      624.328704232      290.275183423
      18.187568284      291.053058674       149.98461936      178.518713168      624.935667377      290.427486835
      18.302270392       292.04829678      150.995988917      179.109379492      625.391359363      290.541350331
      18.325663301      292.250989349      151.202335803      179.229644721      625.484398579      290.564569014
      18.278952841      291.846173124      150.790342172      178.989441273      625.298685875      290.518206579
      18.290033024      291.942230287      150.888058491      179.046441975       625.34271563       290.52920419
      18.512469855      293.865551389      152.851969724        180.1872462       626.23206458      290.749867292
      18.826594368      296.568555486       155.63123431      181.788888992       627.49960882      291.061463056
      19.194718591      299.717466426      158.895760177      183.652333271      628.997404392      291.426619668
      19.609186123      303.238285935      162.579945424      185.732748579      630.696026582      291.837617125
       20.05338264      306.906248833      166.524203786      187.903207657      632.475443121      292.279954468
      20.332728316      309.144490175      169.002601525      189.231005559      633.575072695      292.559877829
      20.385688136      309.567602491       169.47318943      189.481903624      633.785400724      292.612981456
      20.242663481      308.424036601      168.202829104      188.803711885      633.218714326      292.469592904
      20.199830515      308.081007515      167.822706846      188.600230491      633.049837137      292.426666352
      20.080852009       307.12682635      166.767628125       188.03410334      632.582822482      292.307466621
       19.99702675      306.453386672      166.024997349       187.63444031      632.255676546      292.223520796
      19.859905716      305.349679388      164.811505441      186.979243801      631.724013642      292.086268187
      19.799952929      304.850026257      164.278429556      186.684001097      631.481065686      292.026705283
      19.632667513      303.436973986      162.788921712      185.850052446      630.792563531      291.860895196
      19.507077912      302.373319343      161.671519338      185.221955689       630.27657656       291.73638341
      19.488593926      302.216570427      161.507126229      185.129368545      630.200708098      291.718056153
      19.433266996      301.747073517      161.015158663      184.852010711      629.973736135      291.663195686
      19.407997533      301.532485534      160.790512714      184.725222093      629.870133211      291.638138006
      19.346875792      301.013039694      160.247272085      184.418258334      629.619706701      291.577525481
      19.439155747      301.797066786      161.067514317      184.881547307      629.997885249      291.669034973
      19.568123891      302.890635446      162.214567637      185.527472966      630.527279504      291.796908401
      19.361409728      301.136608357      160.376430319      184.491287099      629.679232745      291.591938707
      18.945831643       297.59073362      156.687776209      182.394074074      627.983409992      291.179744489
      18.465482209      293.459968501      152.436791375      179.946757301      626.043480589       290.70326159
       8.480933974      194.593420486       62.819093666      120.524854337      551.153954805      281.340102462
       7.709119384      186.001779388       54.641654146      115.156956506      527.482906889      280.678877522
       6.473270796       177.99278597       43.060615026      110.092083381      494.985854732       279.94948387
       6.450380099      177.390667751       42.859268594      109.630699478      494.946975947      279.957034802
       6.425225469      176.731731279       42.642403491      109.135395666      494.896803628      279.961118091
       6.401996554       176.12696966       42.439509219      108.673769666      494.856159953      279.969194921
       6.378599249      175.520907029        42.23584685      108.212024319      494.814688721      279.977524572
       6.355030706      174.913541183       42.031403531      107.750159151      494.772412468      279.986106596
       6.330601398      174.285907556       41.825687636      107.286901712      494.717611829      279.988274309
       6.306684423      173.675998746       41.619647165      106.824801136      494.673816223      279.997360897
       6.282587471      173.064779956       41.412788456       106.36257917      494.629312107      280.006698457
       6.257629217      172.433499204       41.204628034      105.898980538      494.572407607      280.009623849
       6.235354104      171.875619597       41.011324396      105.470359952       494.53745423      280.023034414
       6.210040844      171.241963023       40.801535819       105.00653754      494.479415485      280.026444159
       6.185107519      170.625619111       40.591199383      104.543809098      494.439015114      280.036759704
       6.161381699      170.045438201       40.394705557      104.113532137      494.406948879      280.044175678
       6.135898192      169.426481771       40.182428781      103.650512399      494.376722381      280.054962469
       6.111819254      168.843999121       39.984357091      103.220016622      494.344351923      280.062823209
       6.085947566      168.222506098       39.770361411      102.756755599      494.313954052      280.074087031
       6.061504836      167.637712703       39.570679553      102.326038406      494.281587457      280.082390464
       6.036883621      167.051815816       39.370212235      101.895214606      494.249348851      280.090906457
       6.009765866      166.408499895        39.15316358      101.430392492      494.207677183      280.096221361
       5.985415092      165.838338075       38.951490878      101.000542356      494.187698417      280.111828241
         5.9602279      165.249006262       38.748567389       100.56938418      494.156446938      280.120994409
       5.934851996      164.658561884        38.54483491      100.138116518      494.125734158      280.130370814
       5.909284872      164.067002638       38.340288815       99.706738603       494.09567939      280.139956826
       5.883524025      163.474326182       38.134924982       99.275249647       494.06640992      280.149751784
       5.857574552      162.880531544       37.928791404       98.843649674      494.038095465      280.159755085
       7.179698592      170.035973042       49.678795834      103.145386653      529.021889616      280.894300293
       8.111997794      179.456780427        59.34354436      108.723535598      560.418070781      281.602291346
       8.832428243      188.802644355       67.062520892      114.188662829      582.735299873      282.207845574
       9.381888836      196.636702911       72.983309103      118.719339023      598.057151112      282.699922587
       9.856174416      201.196228913       79.383901775      121.343138851      620.274297095      283.094381823
        9.89760702      201.385155953       79.718689621       121.36279856      620.908429164      283.148114257
        9.55049784      197.929292994       74.580834665      119.216451517      602.215662575      282.918848668
       9.534779939      197.427459291       74.414631637      118.838583624      602.354072113      282.914658951
       9.522163974      197.001080132       74.265778293      118.494698421      602.509467595      282.921562224
       9.508993508      196.567569931       74.111703479      118.147004199      602.655724914      282.928075759
       9.495186887      196.090140539       73.964861938      117.784854408      602.827965556      282.926248214
       9.481399382       195.64867779       73.805188693      117.433285086      602.964494691        282.9324762
       9.470257219      195.241024394       73.671566769      117.102179005      603.146392893      282.941422838
       9.453958259      194.759200699       73.497001866      116.738663676      603.244448845      282.939817499
       9.440477051      194.318870334       73.343072864      116.389310624      603.404471369      282.947299403
       9.427648114      193.868397295        73.21385933      116.046590386      603.654384138      282.952010271
       9.414745643      193.426249593       73.075744473       115.69813201      603.906360089      282.962545177
       9.402121065      192.980365361       72.946318436      115.358659096      604.139912449      282.967336048
        9.39044352      192.538988626       72.799502912      115.011271967      604.239106509      282.977724167
       9.379858779      192.135990338       72.669594306      114.697653544      604.336032053      282.985458982
        9.37127644      191.738347721       72.565147105      114.387236961      604.516535477      282.992967782
       9.355183669        191.2375132        72.37284193      114.005985905      604.513509139      282.999412193
       9.344447245      190.837502279       72.241849752      113.694934778      604.607174947      283.007098285
       9.331707046      190.384144322       72.094587169      113.352774268      604.691565724      283.010909533
       9.320092455      189.974609078       71.954844261      113.036690469      604.765429309      283.017858325
       9.307521209      189.533247656       71.800184708      112.691470456      604.845486888      283.027664823
       9.296599019      189.128267797       71.669580369      112.379147385      604.949130026      283.036140348
       9.284389665      188.673251881       71.531636504      112.038165537      605.072582995      283.042154088
       9.273322205      188.262213597       71.401366761      111.723290957       605.18607781      283.051277184
       9.338380975      188.952969674       72.052416614      112.051808692       607.00612074      283.131074992
       9.098455483      185.257015519       69.583487657      109.819703996      601.978672271      282.929521442
       8.987286043      183.434777728       68.442861385      108.681877676      599.850138662      282.848127623
        9.12253814      185.073079114       69.806680748       109.56578304      603.337149896      282.989560413
        9.52876047      189.842646679       75.967802607      112.270363502       629.53863465       283.32913964
      10.161303236      197.048358369       81.277383562      116.404753935      632.643477409      283.891847093
      10.928586889      205.703112613       87.610497529      121.375228735      635.243885327      284.591503435
      11.667221216      214.024557168       93.706157741      126.134751877      637.634531119      285.283883123
      12.207083081       219.93500887       98.140748808       129.49377222      639.253468479      285.794076372
      12.249473237      220.041506222       98.456804731      129.471097252      639.662596732      285.838858159
      11.834605278        214.7820927       95.006127231      126.339213007      639.003272109      285.449550479
      11.801011155      214.008370111        94.70613562      125.820148402      639.219115278      285.419087428
      11.868423257      214.412686864       95.228645608       125.97230476      639.687563343      285.488067459
      12.000411012      215.599995357       96.287730577      126.589321384      640.268375946      285.614823211
      12.170892167      217.255726122       97.651379797       127.46427127      640.935660602      285.784324141
      12.371541532      219.265082821       99.269888764      128.553969131      641.643950164      285.977990977
      12.528831744      220.775260828      100.520595895      129.341623762      642.258315514      286.136532338
      12.629594655      221.589722103      101.289871283      129.739137535      642.564523883      286.233952355
      12.642506324      221.412870765      101.358494338       129.56496669      642.809419432      286.250696956
      12.546767639      219.962502382      100.573553286      128.657423584      643.056243622      286.164488675
      12.264953205      216.295376097       98.227118927      126.460877635      642.731296789      285.905745775
      12.224004401      215.480762774       97.861100906      125.920925099      642.894652001      285.872175457
       12.53215167      218.833212195      100.344412556        127.7806882      643.760617306      286.172103387
      13.168080395      225.859056362      105.284041084       131.74560824      643.928964476      286.773221487
      13.989519474      234.490541932       111.29166193      136.614151577      642.007294407      287.514560345
      14.930171501      243.501852631      117.539410634      141.682425572      636.760891949      288.309339575
      15.850809655       252.72960649      124.469117761      146.878413233      636.657924048      289.193828356
       16.42772299      258.441778639      128.842693043      150.053253171      637.037947777      289.762051294
      16.639609208      260.551811351      130.423456454      151.184405227      637.278485207      289.985437015
      16.355272243      257.853637516      128.149820936      149.563810173      637.138737278      289.751463482
      16.351961751      257.885314601      128.052086628      149.497761852      637.219806765      289.779448477
      16.356602509      257.994536247      128.015739459      149.475852983      637.306202797      289.814835746
      16.362413646      258.096334975      127.989723736      149.449875989       637.39996008      289.849847331
      16.361636725      258.152733139      127.911695793      149.397935396      637.482919347      289.880202711
      16.366204988      258.261299785      127.874854824      149.375637295      637.569368657      289.915526493
      16.370349575      258.365755805       127.83477181        149.3509948      637.655576577      289.950457894
      16.373901942       258.46445407       127.79015859      149.323077622      637.741444107      289.984841244
      16.377552372      258.564131257      127.746323407      149.295709949       637.82740921      290.019317235
      16.383482132      258.686087028      127.719998261      149.280957997       637.91481365      290.055906395
      16.384102132      258.737242132      127.654269893      149.226259813      638.005587839      290.086113364
      16.388962438      258.838106293      127.631734098      149.213519888      638.078418173        290.1165302
      16.398003764      258.990516533      127.629264717      149.215960412      638.167763169      290.155998224
      16.407522727      259.147625041      127.630422487      149.221017542      638.257395747      290.195904273
      16.402887791      259.166473698      127.523304545      149.147913738      638.338581133      290.222727625
       16.40419983      259.243434293      127.461745395      149.107670529       638.42340564      290.255053099
      16.407880709      259.343566236      127.418323592      149.080513554      638.509663951       290.28956898
      16.409947074      259.408856479       127.36390802      149.033859314      638.601654373       290.32113053
      16.417009729      259.542085568      127.346330778      149.025360406      638.689914154      290.358768188
      16.419690805      259.632490544      127.295352408      148.992704779       638.77571184      290.392366423
      16.422457156      259.723748363       127.24505776       148.96052941      638.861604692      290.426045817
      16.427442246      259.836733864      127.211681477      148.940582761      638.948765383      290.461770136
      16.430983466      259.924909538      127.179213293      148.920586177      639.021081406      290.490976608
      16.434402602      260.022615847      127.133956743      148.892024597      639.107438517       290.52526176
      16.437086752      260.093967304      127.084446523      148.848810596      639.200082304      290.557405491
      16.440979947      260.196339302      127.042845327      148.822868676      639.286776609       290.59212996
      16.446856991      260.318159895      127.016314103      148.807836629      639.374545499      290.628677305
      16.451326767      260.426226785      126.979116767      148.785068913       639.46159705      290.663932723
      16.457114272       260.54722443      126.951917705      148.769540757      639.549356715      290.700397575
      16.460578651      260.645493124      126.907133931      148.741256373      639.635944062      290.734732405
      16.464495754      260.748218692      126.865801202      148.715463506      639.722799084      290.769483852
      16.466760559        260.8154884      126.813300948      148.669977722      639.815524715      290.801254731
      16.467577103      260.887849444      126.748595878      148.627192551      639.900935893      290.833171848
      16.471834603      260.993956605       126.70992155      148.603288542      639.988087432      290.868240877
       16.47520626      261.080669207       126.67637672      148.582405493      640.060652277      290.897304721
       16.47934806      261.185685087       126.63686374       148.55787496      640.147805722      290.932270044
      16.483537674      261.291193347      126.597730135      148.533610503      640.235013494      290.967280205
      16.487868035      261.398105773      126.559674955      148.510120448      640.322318141      291.002419966
      16.490329123      261.467308527        126.5088738      148.465752483      640.415478413      291.034385141
      16.495311872      261.580651627      126.475768325      148.445838457      640.503152038      291.070122384
