!         Mtip_fan            Mu_fan     xnl_fan (rps)        dt_fan (K)     g1_fan (kg/s)        t1_fan (K)        t2_fan (K)       p1_fan (Pa)        
0.7638662207579556  0.7184848910801822  38.71464158785946 9.541796518000012 271.917418802 
0.762135136333955  0.7169277999443932  38.62552701781577 9.502321427000027 270.756125556 
0.7603810693303892  0.7153547736444208  38.53536584057622 9.463338131 269.565795422 
0.7586876938001157  0.7138358987314096  38.44841443766101 9.425484024000014 268.422512667 
0.7570525129661484  0.7123792123731372  38.36486965230438 9.388530784000011 267.282038936 
0.7553922541212066  0.7109060192929186  38.28026111343161 9.351504050000017 266.105465881 
0.7537420879723814  0.7094372133425823  38.19619528885107 9.313654864 264.958560533 
0.7520564939184189  0.707940629275693  38.11046136850812 9.27569254399998 263.777120614 
0.7504366029817954  0.7065026079766418  38.02815569180653 9.239173005999987 262.645323357 
0.7486920330475805  0.7049498938898417  37.93954959308997 9.198910263000016 261.446721969 
0.7470069538805939  0.70344968955997  37.85404412890560 9.159840437000014 260.295271695 
0.7452905676092114  0.7019257468531861  37.7670943859794 9.120821502000013 259.111138387 
0.7435830864326027  0.7004050580758716  37.68061320289085 9.080943985000033 257.955524223 
0.7418688168747054  0.6988784244803207  37.59387207076845 9.040842768000005 256.799362631 
0.7400961531264221  0.6973017739640736  37.50429205388391 8.999700049000012 255.600877042 
0.7383618336455123  0.6957569886662373  37.41669906935988 8.958892380000009 254.441302554 
0.7365670457225846  0.6941602155693648  37.32616659549516 8.916962138999963 253.238796586 
0.7348228801404016  0.6926071935117862  37.23824958470603 8.875859743999968 252.079477415 
0.7330037545910127  0.6909881761350785  37.1466510791524 8.833056890999956 250.872066947 
0.7312698863705057  0.6894464201500154  37.05944815685653 8.792462646000047 249.720341118 
0.7294228567011866  0.6877957647438455  36.96649996295668 8.747411272999955 248.528898364 
0.721131543900538  0.6799216311648701  36.54192027677459 8.44855150699999 244.946796358 
0.7193887228146162  0.6783765626955423  36.45474707490521 8.408259024000017 243.794836364 
0.729317723020939  0.6881134510817557  36.96813941390477 8.830507839999996 246.924472818 
0.7470566148829973  0.7054114667000824  37.8838890449164 9.568202989999975 252.964560272 
0.502169254863678  0.4710560518976219  25.36975534483245 1.56741172400001 164.98926177 
0.5016225791211402  0.47059494437108434  25.34622880231368 1.566109301999972 164.767589442 
0.5161746219581419  0.48430983198504235  26.08317989010341 2.084081674999993 170.181517427 
0.5423138307914912  0.5089517083406755  27.40464005438105 2.930463348999978 180.043138848 
0.5498130662708947  0.5160151081754086  27.7854182973115 3.154849386000023 183.082497415 
0.5359121647865485  0.5029267673547807  27.08819999834672 2.736185009999985 177.970625665 
0.5358651690194672  0.5028824842282782  27.08882168906490 2.735285353999984 178.132502406 
0.5358217645396649  0.5028415861093841  27.08962368591163 2.734497226000030 178.295836818 
0.5358326350910867  0.5028596093205351  27.09342553884780 2.737272881000024 178.456815584 
0.5357542038700194  0.5027856949539398  27.09245883121392 2.735388124999986 178.607187822 
0.535646012088769  0.5026914875446915  27.09025137080455 2.734436603999995 178.723526531 
0.5356953049222757  0.5027379663100451  27.09572838032087 2.736551349000024 178.922191373 
0.535577508893303  0.5026269456669797  27.09277161081207 2.733430905999967 179.057982609 
0.5354498394200204  0.5025143754873839  27.08957713584603 2.731869654999968 179.167133343 
0.5353915525141504  0.502459447986166  27.08962146362378 2.730611494000015 179.325515753 
0.5354762961813079  0.5025393442266464  27.09688695536163 2.733838792000028 179.538114179 
0.5353754409632455  0.502452047370995  27.09504295596019 2.733118975000025 179.657588163 
0.5353316881069309  0.5024108199427467  27.09581897873963 2.732316230000037 179.821795337 
0.5354929710184492  0.5025628635532274  27.10695057105940 2.737943898999958 180.063918359 
0.5351915680954085  0.5022865234477585  27.09497322676307 2.730934658999956 180.107463179 
0.5350791561715338  0.5021805749018883  27.09227767853239 2.727974136000000 180.245870214 
0.5350566077329666  0.502159334925322  27.09412116186077 2.727833865000036 180.418523562 
0.5349367037023068  0.5020540761999974  27.09130696305309 2.726517742999988 180.531074829 
0.5348989556516374  0.5020185081535918  27.09238057715227 2.725898964999999 180.698131468 
0.5348804146829123  0.5020010456406022  27.09442427198849 2.725883342000031 180.872629716 
0.5347634395373662  0.5018985450545456  27.09175420934953 2.724659854000037 180.986454146 
0.5347310268740169  0.5018680061462221  27.09309499543554 2.724207260000014 181.155852793 
0.5347182007290769  0.5018559306492412  27.09542544060765 2.724370295999961 181.332861999 
0.5345987067359709  0.5017510529442533  27.09262421399995 2.723068190000049 181.44588465 
0.5345679092147027  0.5017220363311043  27.09404425731636 2.722665025000026 181.616214451 
0.5344814290765243  0.5016482772825734  27.09291008259605 2.722402911000017 181.741983201 
0.5344487273334553  0.5016174654643365  27.09423217138284 2.721939179000003 181.911781309 
0.5344370511629427  0.5016064739004857  27.09661728097243 2.722136963999958 182.089776458 
0.5343881869423072  0.5015681722322454  27.09738327827384 2.723060253000028 182.230212189 
0.534284656802456  0.5014705917301632  27.09511922438247 2.720365060999995 182.37309072 
0.5342803670482515  0.5014665631619438  27.09787608733569 2.720794649000026 182.554265942 
0.534136717131459  0.5013389060831152  27.09384198220622 2.718733466000003 182.658394792 
0.5342027225743775  0.5014011440309032  27.10015569655207 2.721377913999958 182.866902591 
0.5342728276087401  0.5014672462994335  27.10667733383430 2.724151659999961 183.077192912 
0.5340186987619129  0.5012354397493493  27.09704622461377 2.718608981000045 183.138788796 
0.5340118469388007  0.5012289959355826  27.09967017943691 2.718956676000005 183.319539239 
0.533927646187916  0.5011496352459837  27.09837654918140 2.716863797999963 183.470471906 
0.5338178104036584  0.5010538491036439  27.09604645794709 2.715869716000043 183.587966638 
0.5337809961464351  0.5010191593687562  27.09715049275906 2.715270437000015 183.75741956 
0.5337759517273998  0.5010144193731346  27.09986325975345 2.715673753999965 183.939326837 
0.5336580393334991  0.5009110167490339  27.09712036664947 2.714425382000001 184.053855451 
0.533612551446235  0.5008681499459335  27.09778242697546 2.71355063499999 184.220245598 
0.5335861579535526  0.5008432837219612  27.09941130601522 2.713278441 184.394181584 
0.5334828829992796  0.5007536774173764  27.09740634080596 2.712493208000012 184.514566654 
0.5334864361017485  0.5007570425152609  27.10055154183418 2.713166945000011 184.700382135 
0.5333771953073916  0.5006618097767599  27.09824183134595 2.712194259000000 184.818552582 
0.5333346748087073  0.5006217398658693  27.09904991964856 2.711410920999981 184.986593314 
0.5333654841552661  0.5006508003716088  27.10357546776414 2.712946151000039 185.183428695 
0.533275235654763  0.5005734699744004  27.10222548757447 2.712574810000035 185.309216708 
0.5331787594622392  0.5004825337611476  27.10029485965316 2.710083583000028 185.456443764 
0.5331570222675369  0.5004620567649826  27.10215380447509 2.709955767999986 185.633056084 
0.5330298639942421  0.5003499272325921  27.09892786147153 2.708417409999981 185.744532871 
0.5330289873856772  0.5003491164093699  27.10184346794471 2.708949271999984 185.92953539 
0.5329619329680139  0.5002859163756856  27.1014008538869 2.707384912999998 186.088660017 
0.532864996926625  0.5002022762335893  27.09970444930957 2.706804290000036 186.212170997 
0.5328467829892974  0.5001851205326362  27.10173828494264 2.706786071000010 186.390692775 
0.5328175783985559  0.5001576032712324  27.10321373504899 2.706419161000042 186.565013169 
0.5327377964844955  0.5000901330561454  27.10238481340147 2.706383248999998 186.695481987 
0.5326703948509409  0.5000266047819365  27.10191948867952 2.704804603000013 186.854920765 
0.5326134148317139  0.4999806292510181  27.10224602217655 2.705493102999980 186.994518354 
0.5325606745035617  0.4999309229112269  27.10252313408919 2.704378479000013 187.159931021 
0.5325149592312874  0.49988783944058424  27.10315609907182 2.703485635999982 187.328232553 
0.532413480617304  0.4997999095206592  27.10121977985822 2.702764068999954 187.450420477 
0.5323773295031493  0.49976584266922214  27.10233662611481 2.702173681000033 187.622696142 
0.5323914678975393  0.499779187848879  27.10600761106533 2.703179476000002 187.815060981 
0.5322574287632225  0.4996605596995955  27.10241375764857 2.70142537199996 187.924495162 
0.5322307312618589  0.4996354116074961  27.10400892359503 2.701135485000009 188.100833408 
0.5323179525777364  0.4997176612395737  27.11139262228024 2.704463008000004 188.322669231 
0.5321549468581996  0.49957173144566497  27.10632356920435 2.701791958999990 188.420706981 
0.532071237352444  0.4994928382121732  27.10501909658510 2.699690955999983 188.574637877 
0.5321444789899318  0.4995619078211676  27.11169173905121 2.702575235999973 188.791340291 
0.5319475322889048  0.4993839791870276  27.10489264074810 2.698825523999971 188.875916444 
0.5318927213037475  0.49933232894991336  27.10505398947109 2.697639973000036 189.041655904 
0.5318762246521075  0.4993167992203188  27.10716271779157 2.697671895999974 189.222843643 
0.5317852422198605  0.49923876424698566  27.10574685342503 2.697290162999991 189.349932977 
0.5318876242841819  0.49933530682011795  27.11390057795519 2.701102140999978 189.579031753 
0.5317433221070454  0.4991992889081136  27.10950693411100 2.69706884499999 189.70928989 
0.5316077672093654  0.499079230691647  27.10582037175747 2.695269730999996 189.818666114 
0.5315867795207454  0.4990594668131059  27.10769701070986 2.695157077999965 189.998592903 
0.5315483382401079  0.49902324834074896  27.10868496772080 2.694488205000027 190.171623746 
0.5314513812230203  0.49893957600141436  27.10695843358419 2.693918456999995 190.296683225 
0.5314072302795962  0.49889797690893556  27.10798090953513 2.693128356999977 190.488577986 
0.5314249252520645  0.49891468165669195  27.11182371507607 2.694246824000004 190.684593795 
0.531286937834386  0.4987923247132197  27.10800511943289 2.692370412000002 190.793279069 
0.5313327713082834  0.4988355577536572  27.11327948886228 2.694385495999995 191.000912008 
0.5312473154225066  0.49875501469699385  27.11186886180932 2.692215277999992 191.155575317 
0.5311280863109389  0.49865033992937385  27.10900135707059 2.69093714600001 191.271994077 
0.5311132918860697  0.498636414537724  27.11118686574679 2.691018713000005 191.455444829 
0.5310087783860832  0.4985456110338495  27.10906626498627 2.690210985000021 191.577927583 
0.5310946686654845  0.4986266095580592  27.11637943138742 2.693504154999971 191.802497964 
0.5309843936627437  0.498522666522612  27.11369907074520 2.690538973000002 191.947508466 
0.5308345900769529  0.49838916146524675  27.10926743619682 2.688286245999961 192.051745815 
0.5308075341995869  0.4983636758423984  27.11082453140637 2.687974596000003 192.230749839 
0.5307638427642234  0.4983225061647764  27.1115331687055 2.687130949999982 192.403098686 
0.5306970793006912  0.4982672885534764  27.11132954200830 2.687530901000002 192.541325647 
0.5306505727885948  0.49822346463314265  27.11189296959638 2.686596640999994 192.712721109 
0.5306145932364189  0.4981895654751135  27.11299224315145 2.685997985000028 192.888532388 
0.530597408630245  0.4981810890809508  27.11531372396901 2.687984123999968 193.047265309 
0.5305071393655355  0.49809600502554063  27.11364329000927 2.685649710000007 193.201066765 
0.5304896720772708  0.49807955928510594  27.11568435135505 2.685642023000014 193.384790078 
0.5303970359275479  0.49799994430627453  27.11415562636482 2.685217432999991 193.512851949 
0.530354243425294  0.49795962141690414  27.11490342864133 2.684398931999965 193.686391837 
0.5302912843181286  0.4979002848514214  27.11462160445735 2.682933902999991 193.851758994 
0.5302231946180489  0.4978438104852481  27.11434177557185 2.683296273999985 193.990092913 
0.5301817563075164  0.49780476401483825  27.11515606779013 2.682519339999999 194.164495583 
0.5302982179033044  0.4979145895608583  27.12402766856900 2.686798301999999 194.404092259 
0.5301677171917455  0.4977992706842195  27.1205605331654 2.685163423999995 194.516953942 
0.5300400704657008  0.49767894417990316  27.11697247522145 2.681624493000015 194.6561168 
0.529973576836917  0.49761627422101395  27.11650450045057 2.680042114000002 194.820602666 
0.5298800310846495  0.4975357945912639  27.11491924959219 2.679591609999988 194.948841202 
0.5299587849915542  0.4976100696814601  27.1218655811923 2.682664987000009 195.173612387 
0.5299023465223092  0.4975568800385679  27.12190862706665 2.681404350000036 195.342578025 
0.529881499188406  0.4975449414571314  27.12403343920408 2.683285501000000 195.501182666 
0.5300873646087353  0.4977390606794177  27.13747256112047 2.690431021000051 195.779256856 
0.5298694803108452  0.49753365516686465  27.12926745420429 2.683997906000002 195.881528069 
0.5296144171144364  0.4973008850339623  27.11942500340835 2.678367264000030 195.94305032 
0.5295960390089758  0.4972835799477253  27.12140772849066 2.678324835000012 196.128312122 
0.5294484169816591  0.4971521073106028  27.11705058715604 2.676141120000011 196.234538274 
0.5294081135615992  0.49711412898809315  27.11791102375681 2.675409215000002 196.410855579 
0.5294589464147771  0.4971620794008933  27.12342886444895 2.677617596999994 196.625319753 
0.5294501836008018  0.4971615286775658  27.12616574405994 2.679921568999987 196.789675723 
0.5294570988185137  0.4971680707261164  27.12943855725998 2.680719503999967 196.986112289 
0.5293331972402878  0.4970512705264457  27.1260226634952 2.677314230999968 197.127960761 
0.5291096915888348  0.4968482431035349  27.1177770662322 2.672717688999967 197.202687277 
0.5290840835681834  0.4968241197957417  27.11938395283249 2.672467758000039 197.385786432 
0.5290992251553603  0.4968384185186429  27.12307443747924 2.673528804999989 197.586109086 
0.5291294408835389  0.49687461658840676  27.12780120234122 2.677092920000007 197.767380453 
0.5291345635835487  0.49687946868288546  27.13097896081786 2.677832179999996 197.963799198 
0.5289482566317614  0.4967038255057027  27.12436241300912 2.672410378999984 198.07984052 
0.5288502529829062  0.49661912595935576  27.12252724273456 2.671850848000019 198.207460668 
0.5287679902050896  0.4965415829706902  27.12123073337094 2.669773761999977 198.367376862 
0.7853541690895146  0.7430260926112916  40.46064395954844 11.54603833600003 303.699084194 
0.7853431085531464  0.7430153276694473  40.46006326145138 11.54556716000001 303.694453678 
0.785334505755507  0.7430069547933685  40.4596115995566 11.54520068600004 303.690852096 
0.7853456688827978  0.7430178195724385  40.46019768330375 11.54567622900003 303.695525566 
0.7853448495802523  0.743017022166509  40.46015466847658 11.54564132699999 303.695182562 
0.7853335840164035  0.7430060576895298  40.45956320666863 11.54516142 303.690466208 
0.7853479219695318  0.7430200124450469  40.46031597442346 11.54577220999999 303.696468823 
0.7853409578615062  0.7430132344567515  40.45995034632266 11.54547554200002 303.693553288 
0.7853339936809726  0.743006456405168  40.45958471477215 11.54517887200000 303.690637714 
0.7853343009232389  0.7430067554355475  40.45960084550484 11.54519196000001 303.690766343 
0.7853328671096043  0.7430053599435301  40.45952556783243 11.54513088100003 303.690166073 
0.7853369637049525  0.7430093470491146  40.45974064610794 11.54530539300003 303.691881126 
0.7853390120008575  0.7430113406019002  40.45984818524568 11.54539264900000 303.692738647 
0.7853362468104432  0.7430086493157482  40.45970300796167 11.54527485400001 303.691580992 
0.7853422892382858  0.7430145302508728  40.46002024593427 11.54553225800003 303.694110673 
0.7853368612946421  0.7430092473765142  40.45973526942703 11.54530103000001 303.691838249 
0.7853728076313155  0.7430442330702415  40.46162251823429 11.54683233900004 303.706887243 
0.7853633860347455  0.743035063244206  40.46112786635008 11.546430977 303.702942881 
0.7853333791843523  0.7430058583317367  40.45955245261687 11.54515269500001 303.690380456 
0.7853355299042732  0.7430079515697602  40.45966536912547 11.54524431400000 303.691280859 
0.7853595968644732  0.7430313753336797  40.46092892777643 11.54626955899999 303.701356541 
0.7854789940580991  0.7431475826865483  40.46719754575445 11.55135606700002 303.751341995 
0.7854656834992334  0.743134627645882  40.46649870763394 11.55078899800003 303.745769586 
0.7853753678208163  0.7430467248465707  40.4617569331873 11.54694140399999 303.707959068 
0.7853448495804616  0.7430170221665306  40.46015466847658 11.54564132699999 303.695182563 
0.7853383975169742  0.7430107425411299  40.45981592378034 11.54536647200001 303.692481391 
0.7854313817127393  0.7431012421469186  40.46469778170435 11.54932766100000 303.731409242 
0.7856008215174229  0.7432661572298153  40.47359384489802 11.55654650100001 303.802344174 
0.7860300691800178  0.7436839584554477  40.49613130580813 11.57483766199999 303.982039917 
0.7864186041243563  0.7440621526438207  40.51653210214898 11.591398196 304.144684478 
0.7867297414853606  0.7443650228800667  40.53286962833335 11.60466270400002 304.274924411 
0.7882987392129281  0.7458925170600831  40.61526491753338 11.671591815 304.931624704 
0.7902173427860707  0.7477607902027268  40.71603938002027 11.75352239200003 305.73448914 
0.7923673532935026  0.7498549494380617  40.82899429259805 11.84544933000000 306.633974432 
0.7944846953084702  0.7519178556699859  40.94025956336335 11.93609684500000 307.519568964 
0.7980361471993997  0.7553792621015399  41.12694595552065 12.08840025700004 309.004487362 
0.800686378365733  0.7579633236891695  41.26630694027211 12.20226375300001 310.112177655 
0.8012263049525945  0.7584898762490677  41.29470370975289 12.22548243600005 310.337803352 
0.8001480246471682  0.7574383412004025  41.23799460117114 12.17912000100000 309.887194412 
0.8004038644636481  0.7576878221607428  41.25144915560373 12.19011761199999 309.994114181 
0.8055293380264538  0.7626875942550239  41.52107614334751 12.41078071399999 312.135488229 
0.8127415742768568  0.7697284677335013  41.90073897302102 12.72237647800000 315.146373396 
0.8211570601779254  0.7779521243677324  42.3441286672493 13.08753309000002 318.656015207 
0.8305841776095384  0.7871746530526823  42.84130994487068 13.49853054700003 322.582881583 
0.840676189389518  0.7970763411590458  43.37515542712938 13.94086789000005 326.685941176 
0.8470208485909148  0.803318513710615  43.71174697206269 14.22079125100003 329.197764785 
0.8482205476594459  0.804499263424683  43.77541218037599 14.27389487800002 329.672738265 
0.8449782944583977  0.8013085356370658  43.60336787780767 14.13050632600004 328.389110403 
0.8440058776310314  0.8003517667476856  43.55177728942206 14.08757977400000 328.004132904 
0.8413013245939326  0.797691208144761  43.40831174453005 13.96838004300002 326.933423691 
0.8393928288299805  0.7958141776193296  43.30709311493662 13.88443421800002 326.177879356 
0.8362655516727294  0.792739213862768  43.14127005856547 13.74718160899999 324.939855103 
0.83490606698194  0.7914063582902456  43.06941696485943 13.68761870500003 324.381479293 
0.8311167409842679  0.7876959813614126  42.86941249958458 13.52180861800002 322.80457095 
0.8282664357816503  0.7849062076652145  42.71902545393374 13.39729683199999 321.617890645 
0.8278465393841186  0.7844953119553095  42.69687498503106 13.37896957500004 321.443034323 
0.8265890852244101  0.7832649402809506  42.63054762075956 13.32410910800001 320.919336478 
0.826014466715679  0.7827027617549183  42.60024108774954 13.29905142800004 320.679992712 
0.8246237989958933  0.7813423673837182  42.52690244670564 13.23843890300003 320.100666067 
0.8267229661361147  0.7833959285673975  42.63760904493032 13.32994839500003 320.975098738 
0.8296524830693912  0.7862626964749382  42.79214981288971 13.45782182300001 322.195007605 
0.8249545813903685  0.7816659276124411  42.54434565734193 13.25285212900001 320.238473787 
0.8154717429228544  0.7723954472829244  42.04453886287949 12.84065791099999 316.285403034 
0.8044480517445831  0.7616325560896534  41.46418201636588 12.36417501200003 311.683846326 
0.539320064013402  0.5064878319050199  27.66325076591539 3.001015884000026 203.005464003 
0.5175930988482108  0.4861169133158881  26.55816173880574 2.333734344999982 193.65528391 
0.4956046726544339  0.46550732714146403  25.43938233050539 1.594504891999975 184.426592407 
0.4944862839851573  0.46455952799189476  25.38861361329864 1.592026975999999 183.801749823 
0.49328367313373356  0.46353960058289156  25.33378611121741 1.589415251999980 183.117841095 
0.49215720342468167  0.4625835555709764  25.28257386233632 1.587062166999999 182.490018379 
0.4910268907227785  0.46162359042982126  25.23115048162074 1.584768437999969 181.860727005 
0.48989277397693054  0.460659745723482  25.17951810856606 1.582533481000041 181.229961935 
0.48875491303848284  0.4596920801305308  25.12738071249056 1.580319621000001 180.578074225 
0.487613308010026  0.4587206010308842  25.07533762324649 1.578200473000038 179.944419279 
0.486468020472192  0.4577453688568289  25.02309222508535 1.576138291000006 179.309275164 
0.485319112705704  0.4567664448263894  24.97035067856612 1.574095534999969 178.653213647 
0.4842490164585068  0.4558541347843174  24.92166502125478 1.572306614000012 178.073216491 
0.48309321076578243  0.45486818489827063  24.86854611701173 1.570370837999974 177.414425654 
0.481933580275105  0.4538783810416981  24.81551566617255 1.568521631999999 176.773322802 
0.4808532287451748  0.4529557182351612  24.76597576444716 1.566832250000004 176.16957991 
0.47968646701655915  0.4519587176141999  24.71255702520847 1.565078330999995 175.525315287 
0.4786000309208081  0.45102986303754106  24.66268358367337 1.563483614000006 174.918918991 
0.4774268079636818  0.45002628912049664  24.60891016977749 1.561830263999979 174.271731189 
0.47633445900281485  0.44909142082397324  24.55871266196094 1.560327680999989 173.662661825 
0.4752393268736341  0.4481537231168674  24.50836276356653 1.558868519000043 173.052311192 
0.47405690252496746  0.4471407919647871  24.45379396035288 1.557322499999998 172.382061629 
0.47295610872131705  0.4461973440790652  24.40342440702637 1.555987894999987 171.787713153 
0.4718526868598358  0.44525122406309653  24.35262049336125 1.554658207999978 171.173363802 
0.47074666384793507  0.444302463044108  24.30167424840324 1.553369191000001 170.557713882 
0.46963808743740576  0.4433511103989493  24.25058831323208 1.552120108999986 169.940758577 
0.4685270067501324  0.4423972169003384  24.19936540551056 1.550910195999961 169.32249304 
0.4674134874379436  0.4414408479073131  24.14800903494943 1.549738744999956 168.702921343 
0.4884975914925184  0.46137801818007135  25.23387298086984 2.269751304000010 177.164340771 
0.5138219577468162  0.4853457371638525  26.53816571346509 2.966241212 187.501870504 
0.5378148968102835  0.5080502943488288  27.77281507989743 3.560124103999953 197.554849096 
0.5574591084986451  0.5266587929964636  28.78420110451805 4.040359486999989 205.927681018 
0.5690505766520757  0.5376523925960143  29.3818866286364 4.419672452999976 210.950006822 
0.5699097156716421  0.5385525224618141  29.43169128480852 4.461236058999987 211.179650509 
0.5616929113070956  0.5309058201306717  29.01783467772641 4.216523113999983 207.385621175 
0.5609224723070827  0.5302707236013174  28.98397834862197 4.206438677999984 206.868259488 
0.5602219229432609  0.5296944417132017  28.95379960440770 4.197592266000015 206.429414595 
0.5595052989634454  0.5291029850697182  28.92280064141426 4.188211560000013 205.982893868 
0.558796796368563  0.5285259978236327  28.89211374669367 4.180000426999982 205.491813057 
0.558063227935349  0.5279184986709478  28.86025190541157 4.170031300999994 205.03673331 
0.5574120463905554  0.5273884059074097  28.83259614853490 4.162636001999999 204.618061059 
0.5566347059934098  0.5267396760886653  28.79816174102511 4.15114029800003 204.120147258 
0.555904465342896  0.526134778918793  28.76645029640224 4.14198950399998 203.666494321 
0.55518583968334  0.5255387452297531  28.73487685716576 4.136517384000001 203.203308392 
0.5544340456848706  0.5249110682058274  28.70192709731567 4.130128487999968 202.748379383 
0.5537225345062088  0.5243209685485678  28.67068161491675 4.124443420999967 202.289989264 
0.5529702750353576  0.523691846264986  28.63765705828052 4.117616293000026 201.837084615 
0.5522999100808351  0.5231329497201789  28.60824066090972 4.111639883999999 201.423634168 
0.5517020182825195  0.5226487523626359  28.58275702447710 4.10824504499999 201.017492647 
0.5507983571773236  0.5218757582925749  28.54192170835305 4.097048673000017 200.500799876 
0.5501301546307916  0.5213179448858334  28.51257077153765 4.090632446999962 200.090188279 
0.5493898675324101  0.5206983861543913  28.47974019006656 4.083111656000028 199.624253435 
0.5486949809179751  0.5201147863153756  28.44899235870904 4.075700428000005 199.20325615 
0.547930192447818  0.5194714533460895  28.41521043588628 4.067305828000030 198.749490482 
0.547251731447972  0.5189035129688789  28.38532013718369 4.061164086000019 198.333722563 
0.5465154834313114  0.5182878469663583  28.35271600829343 4.055281755999999 197.866640495 
0.5458250301670413  0.517708533491313  28.32221361865942 4.049529320000033 197.444666879 
0.5478465797834609  0.5196874958219067  28.43079427117979 4.114328199999988 198.19917572 
0.5390626199194067  0.5114746359410275  27.98524820570484 3.897652261000019 194.267711193 
0.5348913530024761  0.5076143311507116  27.77629824806263 3.801012525999965 192.336264607 
0.5393097216817234  0.5118559886152821  28.00785516744285 3.929860729999973 194.107236336 
0.5514214659219366  0.5233422730081259  28.63340198626121 4.253935092999995 199.271517057 
0.5692215520864246  0.5401726077202049  29.54802330839894 4.820313681000016 207.100230035 
0.5906638819362715  0.5604878003029393  30.65130836281614 5.526032569999984 216.5105367 
0.6117196754988947  0.5805321720298523  31.73943933487755 6.22409279499999 225.558886106 
0.6273043286305544  0.5954641591024317  32.54947034207568 6.746160484000029 232.000394153 
0.6282665855654832  0.5964881419854187  32.60519649776128 6.795857018999982 232.148505537 
0.6157917163695005  0.5847300627603342  31.96739034349780 6.411081500999955 226.48086673 
0.6145632134396799  0.5836659254496122  31.90960030196263 6.388710132000028 225.674008485 
0.6162518110859784  0.5853765840018028  32.00265717684636 6.461475998999958 226.144573919 
0.6198748923585926  0.5889183693126154  32.19484036109048 6.595614624999996 227.461666191 
0.6246009030097233  0.5935093210439941  32.44433155324774 6.765583697000011 229.285039478 
0.6302689110435487  0.5989987457341421  32.74217894181561 6.96594350099997 231.491690281 
0.6346321073718393  0.6032487647181435  32.97316469941131 7.124264922999998 233.156496685 
0.6373086130837148  0.6058924536380562  33.11662796199093 7.227687368999966 234.070048976 
0.6374349652963027  0.6061009633861513  33.12813808561777 7.247594825000021 233.905841418 
0.6344252595599176  0.6033281480249223  32.97781956453362 7.166716344999997 232.361173438 
0.6258283327618278  0.5952402038706245  32.53965165202835 6.903938305999986 228.416803793 
0.6243817372123555  0.5939541692563824  32.47011939749823 6.872588552000025 227.561846513 
0.6332203327014131  0.6024417443855179  32.93086190954533 7.174428508999995 231.217325023 
0.6513391185688502  0.6197882825742684  33.87199793171545 7.777149964999978 238.868967924 
0.6738991848774136  0.6414386389018022  35.04611982022227 8.519783373999985 248.309547044 
0.6969614379682004  0.6635518095045486  36.24541494722693 9.298975790000043 258.24885914 
0.7181959776745185  0.683761665112088  37.34154012480906 10.14411197900000 268.382179841 
0.7312609620437067  0.6962295438389889  38.01859623532815 10.67298233200000 274.661480485 
0.7359142308850097  0.7006762248418877  38.26132952878458 10.86357423599997 276.979751838 
0.7291547502900975  0.6942179284262537  37.91469563546892 10.59024812900003 274.002161035 
0.728837891949558  0.6939153717987471  37.90100019013886 10.57888055500001 274.030599577 
0.7287036596894653  0.6937872140127989  37.89673757572565 10.57491526200004 274.144397667 
0.7285966328372281  0.693689109494152  37.89396217967829 10.57294735599998 274.251918695 
0.7283383140724247  0.6934424759786184  37.88328656757048 10.56395051499998 274.307568372 
0.7282025879035945  0.6933129027218612  37.87894346231907 10.55992208200001 274.42064016 
0.7280572039601614  0.693174111107134  37.87410027675724 10.55550127399999 274.529184885 
0.7278983221497902  0.6930224353959855  37.86855850214226 10.55053242100001 274.631389756 
0.7277417484453562  0.6928729670114417  37.86313482822428 10.54565621500000 274.734669918 
0.7276373280289745  0.692773293718728  37.86040522469142 10.54289318400003 274.862468972 
0.7274119410282547  0.6925622169186143  37.85150647488215 10.536122229 274.914243954 
0.7273231353893229  0.692477453108779  37.84913773405358 10.53374585699998 275.019897724 
0.7272897965624439  0.6924456453810527  37.85007931141342 10.53386203599996 275.181209549 
0.7272672701340395  0.6924241599251081  37.85157935847233 10.53441624700002 275.347689096 
0.7269220712963607  0.6920946421822087  37.83639934896498 10.52188776600002 275.361997004 
0.7267126049550959  0.6918947073398612  37.82823387618349 10.51486141399999 275.440262052 
0.7265571955218053  0.6917463788196282  37.82286151082827 10.51002547500002 275.544026761 
0.7263653878657639  0.6915673985086389  37.81569043838161 10.50461060899999 275.611358333 
0.7262870389187859  0.6914926332355977  37.81429985331554 10.50289678799998 275.751544131 
0.7261090632648461  0.6913227767155543  37.80775749031861 10.49714354899998 275.844599105 
0.7259331117904008  0.6911548568287327  37.80131852269637 10.49147147600001 275.938590716 
0.7258076290300134  0.6910351102972911  37.79748795250244 10.48784433399998 276.056490826 
0.7256891687214023  0.6909220651613007  37.7935767203659 10.48425792599999 276.148159447 
0.7255282243564728  0.6907684787694918  37.78791045209541 10.47919162799996 276.249241131 
0.7253509413100409  0.6906033972670564  37.78148288775588 10.47436045000000 276.323240989 
0.7252008826107748  0.6904602087623757  37.77637730940249 10.46973381000003 276.429454284 
0.7250958135788987  0.6903599579430363  37.77359749154735 10.46693005100002 276.557066143 
0.7249588964341737  0.690229316027693  37.76916950607704 10.46283437200003 276.669541041 
0.7248518339952111  0.6901271666633666  37.76628473358905 10.45994813300001 276.796241919 
0.724692252914609  0.689974902322509  37.76068234246801 10.45493187799996 276.897930357 
0.7245429705453748  0.6898324691420339  37.75561154454084 10.45033224600001 277.004520648 
0.7243566579007267  0.6896588049377816  37.74870941997945 10.44512977499999 277.074026416 
0.7241375070334729  0.689449713552931  37.74002171507259 10.43769615399998 277.147204466 
0.7239961297012667  0.6893148363664496  37.73535637463315 10.43341445100003 277.257510878 
0.7238743766319192  0.6891986829872718  37.73126398360563 10.42968602199999 277.34754959 
0.7237304815125488  0.6890614090244699  37.72646638150733 10.42530062399998 277.456650964 
0.7235877145325341  0.6889252144538539  37.72172606558801 10.42096007000003 277.566291702 
0.7234481664321428  0.6887920939124511  37.71715123663524 10.41674912199999 277.677474938 
0.723266804795294  0.6886231918470639  37.71049769922125 10.41174244799998 277.749106513 
0.7231420431385529  0.6885041855208243  37.70668595948442 10.40812932199998 277.867361659 
